# -------------------------- o --------------------------
# File ID: /mnt/buf0/ASP/2025-07-03-05:10:38/fil_60859_24992_38453552_JPLH_ATLAS_0001/LoD.C0352/fil_60859_24992_38453552_JPLH_ATLAS_0001-beam0000.fbh5
# -------------------------- o --------------------------
# Source:JPLH_ATLAS
# MJD: 60859.28925925926	RA: 18h03m09.230ss	DEC:-18d40m09.30s
# DELTAT: 16.777216	DELTAF(Hz):  1.907349 max_drift_rate: 3.991671	obs_length: 318.767104
# --------------------------
# Top_Hit_#	Drift_Rate	SNR	Uncorrected_Frequency	Corrected_Frequency	Index	freq_start	freq_end	SEFD_freq	Coarse_Channel_Number	Full_number_of_hits
# --------------------------
000001	3.922196	15.561710	3023.750613	3023.750613	262137	3023.749988	3023.751238	0.000000	0.000000	15	2
000002	-3.953776	15.879926	3026.249451	3026.249451	42	3026.250081	3026.248821	0.000000	0.000000	21	2
000003	-3.574819	15.102124	3026.249511	3026.249511	42	3026.250081	3026.248942	0.000000	0.000000	21	28
000004	-3.947460	15.753969	3026.673698	3026.673698	222478	3026.674327	3026.673069	0.000000	0.000000	21	22
000005	-3.928512	15.051741	3026.671986	3026.671986	221571	3026.672612	3026.671360	0.000000	0.000000	21	8
000006	-3.922196	16.067553	3026.672622	3026.672622	221907	3026.673247	3026.671997	0.000000	0.000000	21	27
000007	-3.934828	26.920137	3026.690074	3026.690074	231060	3026.690701	3026.689447	0.000000	0.000000	21	16
000008	-3.827457	15.239794	3026.672452	3026.672452	221802	3026.673062	3026.671842	0.000000	0.000000	21	42
000009	-3.814825	15.563848	3026.673074	3026.673074	222133	3026.673682	3026.672466	0.000000	0.000000	21	26
000010	-3.827457	15.049357	3026.672143	3026.672143	221641	3026.672753	3026.671533	0.000000	0.000000	21	36
000011	-3.776929	15.108840	3026.671240	3026.671240	221162	3026.671842	3026.670638	0.000000	0.000000	21	34
000012	-3.757982	15.218452	3026.673182	3026.673182	222186	3026.673781	3026.672583	0.000000	0.000000	21	30
000013	-3.739034	16.765532	3026.673617	3026.673617	222406	3026.674212	3026.673021	0.000000	0.000000	21	61
000014	-3.941144	16.255159	3026.722967	3026.722967	248300	3026.723596	3026.722339	0.000000	0.000000	21	20
000015	-3.941144	15.829434	3026.722739	3026.722739	248185	3026.723367	3026.722110	0.000000	0.000000	21	32
000016	-3.953776	15.333332	3026.732123	3026.732123	253102	3026.732753	3026.731492	0.000000	0.000000	21	16
000017	-3.947460	15.192616	3026.726596	3026.726596	250210	3026.727225	3026.725967	0.000000	0.000000	21	24
000018	-3.934828	15.855636	3026.722640	3026.722640	248138	3026.723268	3026.722013	0.000000	0.000000	21	35
000019	-3.934828	15.290703	3026.728523	3026.728523	251208	3026.729150	3026.727896	0.000000	0.000000	21	32
000020	-3.953776	15.190084	3026.736035	3026.736035	255156	3026.736665	3026.735404	0.000000	0.000000	21	12
000021	-3.934828	16.893646	3026.723524	3026.723524	248593	3026.724151	3026.722896	0.000000	0.000000	21	27
000022	-3.922196	15.159378	3026.724363	3026.724363	249031	3026.724988	3026.723738	0.000000	0.000000	21	22
000023	-3.606399	17.034678	3026.671715	3026.671715	221378	3026.672290	3026.671140	0.000000	0.000000	21	108
000024	-3.941144	15.140537	3026.736842	3026.736842	255577	3026.737470	3026.736213	0.000000	0.000000	21	12
000025	-3.903248	15.139413	3026.726397	3026.726397	250107	3026.727019	3026.725775	0.000000	0.000000	21	43
000026	-3.896932	17.583023	3026.722229	3026.722229	247915	3026.722850	3026.721608	0.000000	0.000000	21	53
000027	-3.865352	16.199013	3026.724093	3026.724093	248879	3026.724710	3026.723477	0.000000	0.000000	21	62
000028	-3.884300	15.312805	3026.725687	3026.725687	249714	3026.726306	3026.725068	0.000000	0.000000	21	36
000029	-3.953776	15.569319	3026.739575	3026.739575	257010	3026.740205	3026.738944	0.000000	0.000000	21	10
000030	-3.928512	15.224227	3026.739335	3026.739335	256872	3026.739961	3026.738708	0.000000	0.000000	21	32
000031	-3.795877	16.205635	3026.722411	3026.722411	248000	3026.723016	3026.721806	0.000000	0.000000	21	52
000032	-3.391657	18.373613	3026.674326	3026.674326	222781	3026.674867	3026.673786	0.000000	0.000000	21	114
000033	-3.953776	15.601230	3026.740391	3026.740391	257437	3026.741021	3026.739761	0.000000	0.000000	21	15
000034	-3.833773	15.074586	3026.724983	3026.724983	249351	3026.725595	3026.724372	0.000000	0.000000	21	9
000035	-3.846405	15.343564	3026.737042	3026.737042	255666	3026.737655	3026.736429	0.000000	0.000000	21	26
000036	-3.802193	16.347054	3026.724624	3026.724624	249146	3026.725230	3026.724018	0.000000	0.000000	21	58
000037	-3.808509	15.201128	3026.738118	3026.738118	256229	3026.738725	3026.737511	0.000000	0.000000	21	43
000038	-3.366394	16.248486	3026.673947	3026.673947	222546	3026.674483	3026.673410	0.000000	0.000000	21	64
000039	-3.694822	18.036840	3026.720613	3026.720613	246929	3026.721202	3026.720024	0.000000	0.000000	21	407
000040	-3.852721	15.068165	3026.735696	3026.735696	254963	3026.736310	3026.735082	0.000000	0.000000	21	21
000041	-3.290602	15.088016	3026.673249	3026.673249	222183	3026.673774	3026.672725	0.000000	0.000000	21	26
000042	-3.783245	15.266464	3026.737290	3026.737290	255804	3026.737893	3026.736687	0.000000	0.000000	21	35
000043	-3.890616	15.125104	3026.740083	3026.740083	257267	3026.740703	3026.739462	0.000000	0.000000	21	24
000044	-3.726402	15.214021	3026.727957	3026.727957	250893	3026.728551	3026.727363	0.000000	0.000000	21	28
000045	-3.644295	15.841633	3026.727476	3026.727476	250639	3026.728057	3026.726895	0.000000	0.000000	21	68
000046	-3.492712	15.116734	3026.723367	3026.723367	248472	3026.723924	3026.722810	0.000000	0.000000	21	29
000047	-2.899014	15.556252	3026.672848	3026.672848	221940	3026.673310	3026.672386	0.000000	0.000000	21	46
000048	-3.701138	17.162552	3026.737841	3026.737841	256080	3026.738431	3026.737251	0.000000	0.000000	21	66
000049	-2.785328	15.920184	3026.671785	3026.671785	221361	3026.672229	3026.671341	0.000000	0.000000	21	47
000050	-2.709536	15.064786	3026.674889	3026.674889	222992	3026.675321	3026.674457	0.000000	0.000000	21	33
000051	-3.151652	15.114470	3026.723896	3026.723896	248725	3026.724399	3026.723394	0.000000	0.000000	21	25
000052	-2.242157	15.514571	3026.675789	3026.675789	223427	3026.676147	3026.675432	0.000000	0.000000	21	38
000053	-3.625347	15.000093	3026.740069	3026.740069	257244	3026.740647	3026.739492	0.000000	0.000000	21	47
000054	-2.513742	15.009369	3026.677163	3026.677163	224171	3026.677564	3026.676762	0.000000	0.000000	21	25
000055	-3.581135	15.554692	3026.741007	3026.741007	257717	3026.741578	3026.740437	0.000000	0.000000	21	40
000056	-2.393740	15.045459	3026.708627	3026.708627	240655	3026.709008	3026.708245	0.000000	0.000000	21	23
000057	-2.147418	15.190862	3026.677370	3026.677370	224243	3026.677712	3026.677028	0.000000	0.000000	21	17
000058	-2.532690	15.459158	3026.702034	3026.702034	237208	3026.702437	3026.701630	0.000000	0.000000	21	15
000059	-2.475847	15.181129	3026.717939	3026.717939	245544	3026.718333	3026.717544	0.000000	0.000000	21	40
000060	-2.292685	15.193332	3026.701179	3026.701179	236734	3026.701545	3026.700814	0.000000	0.000000	21	27
000061	-2.867435	15.292466	3026.721983	3026.721983	247697	3026.722440	3026.721526	0.000000	0.000000	21	32
000062	-2.336896	15.674367	3026.709080	3026.709080	240885	3026.709453	3026.708708	0.000000	0.000000	21	41
000063	-2.103206	15.858156	3026.708623	3026.708623	240622	3026.708959	3026.708288	0.000000	0.000000	21	36
000064	-1.882149	15.180323	3026.677540	3026.677540	224318	3026.677840	3026.677240	0.000000	0.000000	21	28
000065	-1.913728	15.774693	3026.678594	3026.678594	224869	3026.678899	3026.678289	0.000000	0.000000	21	36
000066	-2.621113	15.062551	3026.705058	3026.705058	238800	3026.705476	3026.704640	0.000000	0.000000	21	19
000067	-3.019017	15.259198	3026.720021	3026.720021	246678	3026.720502	3026.719540	0.000000	0.000000	21	51
000068	-2.791643	15.405308	3026.721091	3026.721091	247222	3026.721536	3026.720646	0.000000	0.000000	21	56
000069	-2.336896	15.372966	3026.717781	3026.717781	245448	3026.718154	3026.717409	0.000000	0.000000	21	22
000070	-2.355844	15.108150	3026.718072	3026.718072	245610	3026.718448	3026.717697	0.000000	0.000000	21	31
000071	-2.633745	16.151024	3026.723399	3026.723399	248425	3026.723819	3026.722979	0.000000	0.000000	21	36
000072	-2.261105	16.059786	3026.715129	3026.715129	244056	3026.715489	3026.714769	0.000000	0.000000	21	30
000073	-1.989520	15.015815	3026.710156	3026.710156	241426	3026.710473	3026.709839	0.000000	0.000000	21	25
000074	-1.951624	15.392815	3026.712567	3026.712567	242681	3026.712878	3026.712256	0.000000	0.000000	21	29
000075	-2.557954	15.097663	3026.714408	3026.714408	243705	3026.714816	3026.714001	0.000000	0.000000	21	29
000076	-2.343212	15.027843	3026.719215	3026.719215	246207	3026.719588	3026.718841	0.000000	0.000000	21	32
000077	-2.002152	15.686957	3026.710772	3026.710772	241740	3026.711091	3026.710453	0.000000	0.000000	21	42
000078	-1.926360	15.938052	3026.712401	3026.712401	242594	3026.712708	3026.712094	0.000000	0.000000	21	42
000079	-2.103206	15.115985	3026.710054	3026.710054	241372	3026.710389	3026.709719	0.000000	0.000000	21	24
000080	-2.109522	15.278419	3026.713770	3026.713770	243325	3026.714107	3026.713434	0.000000	0.000000	21	24
000081	-2.090575	15.263467	3026.718141	3026.718141	245608	3026.718474	3026.717808	0.000000	0.000000	21	33
000082	-1.844253	15.763021	3026.716845	3026.716845	244913	3026.717139	3026.716551	0.000000	0.000000	21	34
000083	-2.134786	15.034012	3026.713064	3026.713064	242955	3026.713405	3026.712724	0.000000	0.000000	21	37
000084	-2.387424	15.021955	3026.717281	3026.717281	245192	3026.717662	3026.716901	0.000000	0.000000	21	19
000085	-1.995836	15.012975	3026.712976	3026.712976	242904	3026.713294	3026.712658	0.000000	0.000000	21	48
000086	-2.330580	15.021503	3026.719694	3026.719694	246449	3026.720065	3026.719322	0.000000	0.000000	21	23
000087	-2.343212	15.108244	3026.720731	3026.720731	246998	3026.721105	3026.720358	0.000000	0.000000	21	51
000088	-1.882149	15.356743	3026.713501	3026.713501	243167	3026.713801	3026.713201	0.000000	0.000000	21	32
000089	-1.882149	15.163857	3026.713734	3026.713734	243288	3026.714034	3026.713434	0.000000	0.000000	21	31
000090	-1.320031	15.399332	3026.681931	3026.681931	226564	3026.682141	3026.681721	0.000000	0.000000	21	24
000091	-2.172682	15.533806	3026.698944	3026.698944	235555	3026.699290	3026.698598	0.000000	0.000000	21	38
000092	-2.153734	15.111541	3026.719663	3026.719663	246421	3026.720006	3026.719319	0.000000	0.000000	21	32
000093	-2.223209	15.089454	3026.714723	3026.714723	243829	3026.715077	3026.714369	0.000000	0.000000	21	30
000094	-1.200028	15.135241	3026.690319	3026.690319	230954	3026.690511	3026.690128	0.000000	0.000000	21	16
000095	-1.105289	15.832173	3026.685864	3026.685864	228614	3026.686040	3026.685688	0.000000	0.000000	21	38
000096	-2.917962	15.089637	3026.736980	3026.736980	255572	3026.737445	3026.736515	0.000000	0.000000	21	38
000097	-1.673723	15.655601	3026.711681	3026.711681	242193	3026.711947	3026.711414	0.000000	0.000000	21	41
000098	-1.376874	15.832285	3026.694745	3026.694745	233291	3026.694964	3026.694526	0.000000	0.000000	21	37
000099	-1.124237	15.039552	3026.682431	3026.682431	226811	3026.682611	3026.682252	0.000000	0.000000	21	23
000100	-0.858967	15.050651	3026.686000	3026.686000	228661	3026.686137	3026.685863	0.000000	0.000000	21	23
000101	-1.111605	15.402259	3026.689012	3026.689012	230260	3026.689189	3026.688835	0.000000	0.000000	21	21
000102	-2.280053	15.749399	3026.718801	3026.718801	245975	3026.719165	3026.718438	0.000000	0.000000	21	37
000103	-1.206344	15.432885	3026.694387	3026.694387	233084	3026.694579	3026.694195	0.000000	0.000000	21	34
000104	-2.400055	15.272846	3026.704109	3026.704109	238287	3026.704492	3026.703727	0.000000	0.000000	21	44
000105	-1.648459	15.408083	3026.698762	3026.698762	235414	3026.699025	3026.698500	0.000000	0.000000	21	41
000106	-2.141102	15.145350	3026.701642	3026.701642	236965	3026.701983	3026.701301	0.000000	0.000000	21	35
000107	-1.736882	15.534324	3026.698388	3026.698388	235228	3026.698665	3026.698111	0.000000	0.000000	21	35
000108	0.978970	15.401712	3026.686413	3026.686413	228729	3026.686257	3026.686569	0.000000	0.000000	21	29
000109	0.928443	15.093113	3026.691342	3026.691342	231311	3026.691194	3026.691490	0.000000	0.000000	21	20
000110	2.444267	15.038463	3026.677200	3026.677200	223773	3026.676810	3026.677589	0.000000	0.000000	21	41
000111	1.010550	15.252832	3026.688896	3026.688896	230024	3026.688735	3026.689057	0.000000	0.000000	21	23
000112	3.347446	16.734243	3026.672524	3026.672524	221240	3026.671990	3026.673057	0.000000	0.000000	21	52
000113	-2.052679	15.508075	3026.705810	3026.705810	239152	3026.706138	3026.705483	0.000000	0.000000	21	28
000114	-1.086341	15.750348	3026.692428	3026.692428	232052	3026.692601	3026.692255	0.000000	0.000000	21	28
000115	3.953776	15.214836	3026.671268	3026.671268	220530	3026.670638	3026.671898	0.000000	0.000000	21	29
000116	2.659009	15.094565	3026.676595	3026.676595	223431	3026.676171	3026.677019	0.000000	0.000000	21	26
000117	2.444267	15.097209	3026.708196	3026.708196	240023	3026.707807	3026.708586	0.000000	0.000000	21	21
000118	1.237923	15.111217	3026.693756	3026.693756	232554	3026.693559	3026.693953	0.000000	0.000000	21	25
000119	3.625347	15.280902	3026.671306	3026.671306	220578	3026.670728	3026.671883	0.000000	0.000000	21	35
000120	2.917962	15.107938	3026.672352	3026.672352	221188	3026.671887	3026.672818	0.000000	0.000000	21	59
000121	2.494794	15.011441	3026.674761	3026.674761	222492	3026.674363	3026.675158	0.000000	0.000000	21	41
000122	3.132704	15.031236	3026.674399	3026.674399	222250	3026.673900	3026.674898	0.000000	0.000000	21	23
000123	1.111605	15.185597	3026.688575	3026.688575	229847	3026.688397	3026.688752	0.000000	0.000000	21	22
000124	2.463215	15.157072	3026.710303	3026.710303	241120	3026.709910	3026.710696	0.000000	0.000000	21	24
000125	3.467449	17.409855	3026.673371	3026.673371	221677	3026.672818	3026.673923	0.000000	0.000000	21	68
000126	2.917962	15.608782	3026.673762	3026.673762	221918	3026.673297	3026.674227	0.000000	0.000000	21	36
000127	3.928512	15.073899	3026.673004	3026.673004	221447	3026.672378	3026.673630	0.000000	0.000000	21	31
000128	2.810591	15.003886	3026.674462	3026.674462	222307	3026.674014	3026.674910	0.000000	0.000000	21	33
000129	2.008467	15.215808	3026.714837	3026.714837	243542	3026.714517	3026.715157	0.000000	0.000000	21	29
000130	3.751666	15.110636	3026.673031	3026.673031	221475	3026.672433	3026.673629	0.000000	0.000000	21	29
000131	3.208495	15.036523	3026.674478	3026.674478	222281	3026.673966	3026.674989	0.000000	0.000000	21	18
000132	3.934828	16.255280	3026.671677	3026.671677	220744	3026.671050	3026.672304	0.000000	0.000000	21	30
000133	3.846405	15.040161	3026.670431	3026.670431	220107	3026.669818	3026.671044	0.000000	0.000000	21	30
000134	2.242157	15.791595	3026.712972	3026.712972	242545	3026.712615	3026.713330	0.000000	0.000000	21	40
000135	3.701138	16.158697	3026.672229	3026.672229	221070	3026.671639	3026.672819	0.000000	0.000000	21	56
000136	3.934828	15.034890	3026.669755	3026.669755	219745	3026.669127	3026.670382	0.000000	0.000000	21	19
000137	2.216893	15.244754	3026.712169	3026.712169	242122	3026.711816	3026.712523	0.000000	0.000000	21	40
000138	1.989520	15.327795	3026.716362	3026.716362	244340	3026.716044	3026.716679	0.000000	0.000000	21	40
000139	3.821141	16.961256	3026.673961	3026.673961	221962	3026.673352	3026.674570	0.000000	0.000000	21	31
000140	2.223209	15.268056	3026.715487	3026.715487	243867	3026.715133	3026.715841	0.000000	0.000000	21	37
000141	3.928512	15.434032	3026.674049	3026.674049	221988	3026.673423	3026.674675	0.000000	0.000000	21	17
000142	1.882149	15.200910	3026.715766	3026.715766	244035	3026.715466	3026.716066	0.000000	0.000000	21	21
000143	3.694822	16.360878	3026.673670	3026.673670	221824	3026.673081	3026.674259	0.000000	0.000000	21	59
000144	3.808509	16.452929	3026.673143	3026.673143	221520	3026.672536	3026.673750	0.000000	0.000000	21	50
000145	3.783245	16.862551	3026.674337	3026.674337	222167	3026.673734	3026.674940	0.000000	0.000000	21	153
000146	2.122154	15.184802	3026.716739	3026.716739	244524	3026.716401	3026.717078	0.000000	0.000000	21	27
000147	2.494794	15.366104	3026.722437	3026.722437	247482	3026.722039	3026.722834	0.000000	0.000000	21	48
000148	2.570586	15.741233	3026.701842	3026.701842	236678	3026.701432	3026.702252	0.000000	0.000000	21	46
000149	1.673723	15.533836	3026.693991	3026.693991	232635	3026.693725	3026.694258	0.000000	0.000000	21	29
000150	3.941144	15.890141	3026.673805	3026.673805	221854	3026.673177	3026.674433	0.000000	0.000000	21	48
000151	3.953776	15.933151	3026.672792	3026.672792	221332	3026.672162	3026.673422	0.000000	0.000000	21	27
000152	1.547404	15.090219	3026.694833	3026.694833	233093	3026.694587	3026.695080	0.000000	0.000000	21	30
000153	1.534772	15.046420	3026.698118	3026.698118	234817	3026.697873	3026.698362	0.000000	0.000000	21	31
000154	3.019017	15.063885	3026.718589	3026.718589	245422	3026.718108	3026.719071	0.000000	0.000000	21	17
000155	2.381108	15.083401	3026.718238	3026.718238	245299	3026.717858	3026.718617	0.000000	0.000000	21	34
000156	3.044281	15.091436	3026.704195	3026.704195	237871	3026.703710	3026.704680	0.000000	0.000000	21	20
000157	2.564270	15.075445	3026.719982	3026.719982	246190	3026.719573	3026.720390	0.000000	0.000000	21	16
000158	3.732718	15.219155	3026.730481	3026.730481	251597	3026.729886	3026.731076	0.000000	0.000000	21	26
000159	2.715852	15.080654	3026.721906	3026.721906	247178	3026.721473	3026.722338	0.000000	0.000000	21	37
000160	1.724250	16.632849	3026.698630	3026.698630	235065	3026.698356	3026.698905	0.000000	0.000000	21	36
000161	3.391657	15.215020	3026.728990	3026.728990	250851	3026.728450	3026.729531	0.000000	0.000000	21	53
000162	3.631663	15.429429	3026.725319	3026.725319	248903	3026.724740	3026.725898	0.000000	0.000000	21	24
000163	1.661091	15.057494	3026.697564	3026.697564	234516	3026.697299	3026.697829	0.000000	0.000000	21	30
000164	2.336896	15.059866	3026.715406	3026.715406	243809	3026.715034	3026.715778	0.000000	0.000000	21	28
000165	3.486396	15.936674	3026.728544	3026.728544	250600	3026.727988	3026.729100	0.000000	0.000000	21	77
000166	3.884300	16.949106	3026.722834	3026.722834	247541	3026.722215	3026.723453	0.000000	0.000000	21	108
000167	3.170600	15.383419	3026.723719	3026.723719	248108	3026.723214	3026.724225	0.000000	0.000000	21	48
000168	3.922196	16.699404	3026.724333	3026.724333	248342	3026.723708	3026.724958	0.000000	0.000000	21	48
000169	3.922196	15.764708	3026.725010	3026.725010	248705	3026.724385	3026.725636	0.000000	0.000000	21	56
000170	2.734800	15.209266	3026.721359	3026.721359	246896	3026.720923	3026.721795	0.000000	0.000000	21	42
000171	3.814825	16.535889	3026.724846	3026.724846	248642	3026.724238	3026.725454	0.000000	0.000000	21	56
000172	3.953776	26.542711	3026.689121	3026.689121	229908	3026.688491	3026.689751	0.000000	0.000000	21	92
000173	3.587451	15.125452	3026.741887	3026.741887	257586	3026.741315	3026.742458	0.000000	0.000000	21	62
000174	3.631663	15.109629	3026.726269	3026.726269	249393	3026.725690	3026.726848	0.000000	0.000000	21	32
000175	3.928512	15.948232	3026.723760	3026.723760	248052	3026.723134	3026.724386	0.000000	0.000000	21	29
000176	2.728484	15.189368	3026.721707	3026.721707	247082	3026.721272	3026.722142	0.000000	0.000000	21	17
000177	2.280053	15.273482	3026.707306	3026.707306	239567	3026.706943	3026.707669	0.000000	0.000000	21	31
000178	3.821141	15.681134	3026.723478	3026.723478	247899	3026.722869	3026.724087	0.000000	0.000000	21	69
000179	3.953776	17.376356	3026.721779	3026.721779	247010	3026.721148	3026.722409	0.000000	0.000000	21	41
000180	3.934828	16.606686	3026.723260	3026.723260	247798	3026.722632	3026.723887	0.000000	0.000000	21	54
000181	3.720086	15.158218	3026.734795	3026.734795	253856	3026.734202	3026.735388	0.000000	0.000000	21	59
000182	3.941144	15.301541	3026.727861	3026.727861	250204	3026.727233	3026.728489	0.000000	0.000000	21	22
000183	2.482163	15.198171	3026.702623	3026.702623	237099	3026.702228	3026.703019	0.000000	0.000000	21	23
000184	2.545322	15.024992	3026.702029	3026.702029	236782	3026.701623	3026.702434	0.000000	0.000000	21	26
000185	3.915880	15.003418	3026.724733	3026.724733	248569	3026.724109	3026.725357	0.000000	0.000000	21	16
000186	3.707454	15.994101	3026.724625	3026.724625	248528	3026.724034	3026.725216	0.000000	0.000000	21	36
000187	3.928512	15.030025	3026.736518	3026.736518	254742	3026.735892	3026.737145	0.000000	0.000000	21	26
000188	3.928512	18.073076	3026.721546	3026.721546	246890	3026.720920	3026.722172	0.000000	0.000000	21	28
000189	3.208495	15.059598	3026.721263	3026.721263	246814	3026.720752	3026.721775	0.000000	0.000000	21	24
000190	3.947460	15.221693	3026.735558	3026.735558	254243	3026.734929	3026.736187	0.000000	0.000000	21	19
000191	3.833773	15.159310	3026.736814	3026.736814	254917	3026.736203	3026.737425	0.000000	0.000000	21	55
000192	3.840089	15.849552	3026.726716	3026.726716	249613	3026.726104	3026.727328	0.000000	0.000000	21	34
000193	3.934828	15.004628	3026.743161	3026.743161	258227	3026.742534	3026.743788	0.000000	0.000000	21	27
000194	3.934828	15.623007	3026.740847	3026.740847	257012	3026.740220	3026.741474	0.000000	0.000000	21	17
000195	3.922196	29.037601	3026.750567	3026.750567	262135	3026.749942	3026.751192	0.000000	0.000000	21	49
000196	-3.928512	15.348998	3026.750258	3026.750258	471	3026.750884	3026.749632	0.000000	0.000000	22	33
000197	-3.953776	15.097585	3026.749760	3026.749760	207	3026.750390	3026.749130	0.000000	0.000000	22	9
000198	-3.941144	16.615984	3026.749937	3026.749937	286	3026.750566	3026.749309	0.000000	0.000000	22	45
000199	-3.840089	15.451078	3026.750081	3026.750081	366	3026.750693	3026.749469	0.000000	0.000000	22	32
000200	-2.911646	15.512720	3026.749823	3026.749823	152	3026.750287	3026.749359	0.000000	0.000000	22	27
000201	-3.625347	15.085765	3027.246667	3027.246667	260698	3027.247245	3027.246089	0.000000	0.000000	22	18
000202	-3.397973	15.357892	3027.246644	3027.246644	260668	3027.247186	3027.246103	0.000000	0.000000	22	29
000203	3.827457	15.283862	3027.249966	3027.249966	261809	3027.249356	3027.250576	0.000000	0.000000	22	54
000204	3.252707	15.305097	3027.250071	3027.250071	261909	3027.249553	3027.250590	0.000000	0.000000	22	57
000205	3.922196	19.512938	3027.250502	3027.250502	262135	3027.249877	3027.251127	0.000000	0.000000	22	116
000206	3.776929	15.057104	3027.240805	3027.240805	257010	3027.240203	3027.241407	0.000000	0.000000	22	20
000207	3.941144	16.127045	3027.250198	3027.250198	261908	3027.249570	3027.250826	0.000000	0.000000	22	54
000208	3.941144	15.111245	3027.249572	3027.249572	261585	3027.248944	3027.250201	0.000000	0.000000	22	14
000209	-3.953776	21.584280	3029.249392	3029.249392	11	3029.250022	3029.248762	0.000000	0.000000	27	2
000210	-3.953776	21.740917	3033.749394	3033.749394	12	3033.750024	3033.748764	0.000000	0.000000	36	2
000211	3.922196	23.815439	3038.750601	3038.750601	262137	3038.749976	3038.751226	0.000000	0.000000	45	14
000212	-3.953776	15.278676	3039.511574	3039.511574	137472	3039.512204	3039.510944	0.000000	0.000000	47	18
000213	-3.953776	15.249730	3039.511456	3039.511456	137412	3039.512086	3039.510826	0.000000	0.000000	47	12
000214	-3.922196	15.401965	3039.479915	3039.479915	120862	3039.480540	3039.479290	0.000000	0.000000	47	33
000215	-3.934828	16.486811	3039.511060	3039.511060	137202	3039.511687	3039.510433	0.000000	0.000000	47	34
000216	-3.928512	16.522455	3039.509922	3039.509922	136603	3039.510549	3039.509296	0.000000	0.000000	47	22
000217	-3.934828	15.688983	3039.510797	3039.510797	137059	3039.511424	3039.510170	0.000000	0.000000	47	9
000218	-3.934828	17.023161	3039.510486	3039.510486	136917	3039.511113	3039.509859	0.000000	0.000000	47	39
000219	-3.871668	15.744683	3039.480287	3039.480287	121057	3039.480905	3039.479670	0.000000	0.000000	47	22
000220	-3.821141	18.458311	3039.482056	3039.482056	121983	3039.482665	3039.481447	0.000000	0.000000	47	63
000221	-3.846405	15.077179	3039.513609	3039.513609	138529	3039.514222	3039.512996	0.000000	0.000000	47	29
000222	-3.757982	16.549711	3039.481351	3039.481351	121570	3039.481950	3039.480752	0.000000	0.000000	47	113
000223	-3.833773	15.340502	3039.512421	3039.512421	137904	3039.513032	3039.511810	0.000000	0.000000	47	46
000224	-3.757982	15.794397	3039.510720	3039.510720	137000	3039.511319	3039.510121	0.000000	0.000000	47	36
000225	-3.694822	25.898159	3039.494461	3039.494461	129890	3039.495049	3039.493872	0.000000	0.000000	47	5118
000226	-3.637979	15.555925	3039.481072	3039.481072	121448	3039.481652	3039.480493	0.000000	0.000000	47	41
000227	-3.694822	15.223213	3039.511961	3039.511961	137648	3039.512549	3039.511372	0.000000	0.000000	47	42
000228	-3.625347	15.444937	3039.479474	3039.479474	120614	3039.480052	3039.478896	0.000000	0.000000	47	31
000229	-3.726402	15.751737	3039.512093	3039.512093	137718	3039.512687	3039.511499	0.000000	0.000000	47	32
000230	-3.701138	15.914743	3039.510199	3039.510199	136716	3039.510789	3039.509609	0.000000	0.000000	47	49
000231	-3.707454	17.044407	3039.509370	3039.509370	136297	3039.509961	3039.508779	0.000000	0.000000	47	67
000232	-3.442185	17.513813	3039.480791	3039.480791	121294	3039.481339	3039.480242	0.000000	0.000000	47	75
000233	-3.423237	15.582046	3039.510783	3039.510783	137004	3039.511329	3039.510237	0.000000	0.000000	47	40
000234	-3.056913	15.351995	3039.481527	3039.481527	121639	3039.482015	3039.481040	0.000000	0.000000	47	23
000235	-3.132704	15.055048	3039.509071	3039.509071	136088	3039.509570	3039.508572	0.000000	0.000000	47	20
000236	-2.488479	15.302577	3039.481162	3039.481162	121404	3039.481559	3039.480766	0.000000	0.000000	47	51
000237	-2.469531	15.039019	3039.481852	3039.481852	121758	3039.482245	3039.481458	0.000000	0.000000	47	25
000238	-2.160050	15.034346	3039.483412	3039.483412	122556	3039.483756	3039.483068	0.000000	0.000000	47	22
000239	-2.153734	15.007687	3039.486785	3039.486785	124324	3039.487128	3039.486442	0.000000	0.000000	47	16
000240	-2.027415	15.034913	3039.483868	3039.483868	122785	3039.484191	3039.483545	0.000000	0.000000	47	28
000241	-1.698987	15.031721	3039.485519	3039.485519	123621	3039.485789	3039.485248	0.000000	0.000000	47	34
000242	-1.648459	15.649400	3039.483966	3039.483966	122804	3039.484229	3039.483704	0.000000	0.000000	47	35
000243	-1.673723	15.444328	3039.501537	3039.501537	132017	3039.501803	3039.501270	0.000000	0.000000	47	39
000244	-1.680039	15.103045	3039.486922	3039.486922	124356	3039.487189	3039.486654	0.000000	0.000000	47	35
000245	-1.534772	15.030963	3039.485650	3039.485650	123678	3039.485894	3039.485405	0.000000	0.000000	47	35
000246	-1.332662	15.209994	3039.489331	3039.489331	125590	3039.489543	3039.489118	0.000000	0.000000	47	37
000247	-0.966338	15.054888	3039.489812	3039.489812	125817	3039.489966	3039.489658	0.000000	0.000000	47	39
000248	-1.383190	15.027215	3039.489620	3039.489620	125747	3039.489841	3039.489400	0.000000	0.000000	47	17
000249	-1.206344	15.426157	3039.498571	3039.498571	130423	3039.498763	3039.498379	0.000000	0.000000	47	35
000250	-1.086341	15.024797	3039.496583	3039.496583	129369	3039.496757	3039.496410	0.000000	0.000000	47	24
000251	-0.985286	15.649051	3039.492220	3039.492220	127075	3039.492377	3039.492063	0.000000	0.000000	47	28
000252	-0.991602	15.211418	3039.495002	3039.495002	128538	3039.495160	3039.494844	0.000000	0.000000	47	23
000253	-1.882149	15.222427	3039.507901	3039.507901	135369	3039.508201	3039.507601	0.000000	0.000000	47	34
000254	-1.433717	15.382542	3039.502071	3039.502071	132282	3039.502299	3039.501842	0.000000	0.000000	47	47
000255	-1.149500	15.621150	3039.494372	3039.494372	128219	3039.494555	3039.494189	0.000000	0.000000	47	19
000256	-1.345294	15.304119	3039.493504	3039.493504	127782	3039.493718	3039.493289	0.000000	0.000000	47	26
000257	-1.218976	15.015862	3039.499873	3039.499873	131102	3039.500068	3039.499679	0.000000	0.000000	47	30
000258	-1.661091	15.752244	3039.505063	3039.505063	133863	3039.505328	3039.504799	0.000000	0.000000	47	33
000259	-1.193712	15.043092	3039.493446	3039.493446	127732	3039.493636	3039.493256	0.000000	0.000000	47	27
000260	-1.200028	15.076049	3039.493580	3039.493580	127805	3039.493772	3039.493389	0.000000	0.000000	47	27
000261	-0.966338	15.282720	3039.495168	3039.495168	128620	3039.495322	3039.495014	0.000000	0.000000	47	24
000262	1.010550	15.002742	3039.498798	3039.498798	130354	3039.498637	3039.498959	0.000000	0.000000	47	30
000263	1.661091	15.863727	3039.485573	3039.485573	123369	3039.485309	3039.485838	0.000000	0.000000	47	46
000264	1.446349	16.287903	3039.503443	3039.503443	132753	3039.503213	3039.503674	0.000000	0.000000	47	32
000265	1.528456	15.344378	3039.486573	3039.486573	123907	3039.486329	3039.486816	0.000000	0.000000	47	33
000266	2.873751	15.619854	3039.479978	3039.479978	120332	3039.479520	3039.480436	0.000000	0.000000	47	52
000267	0.852651	15.014927	3039.494661	3039.494661	128200	3039.494525	3039.494797	0.000000	0.000000	47	30
000268	1.806358	15.004366	3039.505109	3039.505109	133605	3039.504821	3039.505397	0.000000	0.000000	47	25
000269	1.351610	15.123806	3039.504758	3039.504758	133455	3039.504542	3039.504973	0.000000	0.000000	47	32
000270	2.103206	15.075233	3039.506217	3039.506217	134164	3039.505881	3039.506552	0.000000	0.000000	47	31
000271	2.728484	15.226720	3039.481566	3039.481566	121178	3039.481132	3039.482001	0.000000	0.000000	47	23
000272	1.825305	15.257623	3039.486097	3039.486097	123626	3039.485806	3039.486388	0.000000	0.000000	47	42
000273	1.313715	15.458982	3039.496743	3039.496743	129254	3039.496533	3039.496952	0.000000	0.000000	47	40
000274	1.332662	15.263661	3039.493772	3039.493772	127699	3039.493560	3039.493985	0.000000	0.000000	47	31
000275	1.357926	15.029419	3039.498274	3039.498274	130053	3039.498057	3039.498490	0.000000	0.000000	47	23
000276	1.610564	15.015008	3039.488291	3039.488291	124794	3039.488034	3039.488548	0.000000	0.000000	47	27
000277	3.132704	17.352287	3039.480839	3039.480839	120762	3039.480340	3039.481339	0.000000	0.000000	47	57
000278	3.277970	15.210162	3039.480510	3039.480510	120578	3039.479987	3039.481032	0.000000	0.000000	47	38
000279	2.614797	15.007972	3039.509155	3039.509155	135652	3039.508739	3039.509572	0.000000	0.000000	47	37
000280	3.019017	16.716343	3039.510295	3039.510295	136217	3039.509814	3039.510777	0.000000	0.000000	47	51
000281	2.286369	15.505629	3039.508170	3039.508170	135161	3039.507806	3039.508535	0.000000	0.000000	47	36
000282	3.713770	17.518110	3039.509473	3039.509473	135712	3039.508882	3039.510065	0.000000	0.000000	47	113
000283	1.326346	15.259830	3039.503695	3039.503695	132900	3039.503484	3039.503907	0.000000	0.000000	47	30
000284	2.576902	15.005720	3039.484625	3039.484625	122795	3039.484214	3039.485035	0.000000	0.000000	47	19
000285	3.739034	17.474972	3039.481184	3039.481184	120892	3039.480588	3039.481780	0.000000	0.000000	47	63
000286	3.145336	15.199086	3039.481475	3039.481475	121102	3039.480973	3039.481976	0.000000	0.000000	47	29
000287	2.355844	15.573619	3039.484633	3039.484633	122818	3039.484258	3039.485009	0.000000	0.000000	47	46
000288	2.899014	15.184100	3039.482107	3039.482107	121445	3039.481645	3039.482569	0.000000	0.000000	47	22
000289	2.008467	15.002475	3039.506001	3039.506001	134051	3039.505681	3039.506321	0.000000	0.000000	47	26
000290	3.625347	15.426899	3039.512547	3039.512547	137342	3039.511970	3039.513125	0.000000	0.000000	47	27
000291	3.480080	15.494100	3039.510851	3039.510851	136461	3039.510297	3039.511406	0.000000	0.000000	47	55
000292	3.751666	15.923597	3039.479973	3039.479973	120266	3039.479375	3039.480571	0.000000	0.000000	47	39
000293	3.132704	15.548641	3039.509911	3039.509911	136000	3039.509412	3039.510410	0.000000	0.000000	47	35
000294	3.928512	15.199164	3039.509946	3039.509946	135954	3039.509320	3039.510573	0.000000	0.000000	47	22
000295	3.922196	15.009627	3039.510899	3039.510899	136463	3039.510274	3039.511524	0.000000	0.000000	47	12
000296	3.922196	25.428255	3039.497712	3039.497712	129525	3039.497087	3039.498337	0.000000	0.000000	47	137
000297	3.840089	15.385658	3039.511866	3039.511866	136968	3039.511254	3039.512478	0.000000	0.000000	47	33
000298	3.903248	16.827829	3039.480430	3039.480430	120490	3039.479808	3039.481052	0.000000	0.000000	47	60
000299	3.941144	15.490282	3039.510099	3039.510099	136030	3039.509471	3039.510727	0.000000	0.000000	47	29
000300	3.379025	15.002430	3039.512727	3039.512727	137454	3039.512189	3039.513266	0.000000	0.000000	47	41
000301	3.922196	15.696555	3039.511469	3039.511469	136754	3039.510844	3039.512094	0.000000	0.000000	47	24
000302	2.791643	15.136430	3039.508468	3039.508468	135276	3039.508023	3039.508913	0.000000	0.000000	47	24
000303	3.941144	16.315374	3039.509802	3039.509802	135879	3039.509173	3039.510430	0.000000	0.000000	47	53
000304	3.922196	17.624920	3046.250611	3046.250611	262137	3046.249986	3046.251236	0.000000	0.000000	60	4
000305	3.922196	18.969509	3052.250597	3052.250597	262131	3052.249972	3052.251223	0.000000	0.000000	72	12
000306	-3.953776	16.201347	3052.249399	3052.249399	15	3052.250030	3052.248769	0.000000	0.000000	73	2
000307	-3.953776	21.117395	3053.749394	3053.749394	12	3053.750024	3053.748764	0.000000	0.000000	76	2
000308	3.922196	28.578094	3059.750590	3059.750590	262133	3059.749965	3059.751215	0.000000	0.000000	87	26
000309	0.202110	42.837303	3062.504258	3062.504258	133287	3062.504226	3062.504290	0.000000	0.000000	93	7
000310	-0.543170	15.674438	3062.484989	3062.484989	123249	3062.485076	3062.484903	0.000000	0.000000	93	21
000311	0.170530	23.250360	3062.530767	3062.530767	147191	3062.530740	3062.530794	0.000000	0.000000	93	13
000312	1.332662	15.264821	3062.538275	3062.538275	151025	3062.538062	3062.538487	0.000000	0.000000	93	15
000313	1.560036	15.370598	3062.538250	3062.538250	150992	3062.538001	3062.538498	0.000000	0.000000	93	19
000314	1.654775	15.134169	3062.538234	3062.538234	150979	3062.537971	3062.538498	0.000000	0.000000	93	13
000315	0.044212	23.020836	3062.542208	3062.542208	153196	3062.542201	3062.542215	0.000000	0.000000	93	9
000316	0.416852	21.462526	3062.673253	3062.673253	221871	3062.673186	3062.673319	0.000000	0.000000	93	6
000317	2.014783	15.320847	3062.494375	3062.494375	127950	3062.494054	3062.494696	0.000000	0.000000	93	14
000318	-0.789492	16.032831	3062.485000	3062.485000	123274	3062.485126	3062.484874	0.000000	0.000000	93	22
000319	-0.650541	30.434591	3062.573525	3062.573525	169674	3062.573628	3062.573421	0.000000	0.000000	93	21
000320	0.069475	34.330692	3062.555503	3062.555503	160166	3062.555491	3062.555514	0.000000	0.000000	93	15
000321	-2.665325	15.194486	3062.670831	3062.670831	220865	3062.671256	3062.670406	0.000000	0.000000	93	35
000322	-1.768462	15.085599	3062.494653	3062.494653	128413	3062.494935	3062.494371	0.000000	0.000000	93	11
000323	-1.661091	15.167515	3062.494644	3062.494644	128399	3062.494908	3062.494379	0.000000	0.000000	93	10
000324	0.170530	60.708511	3062.545349	3062.545349	154832	3062.545321	3062.545376	0.000000	0.000000	93	22
000325	-1.313715	15.236870	3062.494607	3062.494607	128353	3062.494817	3062.494398	0.000000	0.000000	93	6
000326	-0.997918	15.210505	3062.538548	3062.538548	151365	3062.538707	3062.538389	0.000000	0.000000	93	14
000327	-1.193712	15.319794	3062.494663	3062.494663	128370	3062.494853	3062.494473	0.000000	0.000000	93	13
000328	-1.200028	16.531599	3062.494599	3062.494599	128338	3062.494790	3062.494408	0.000000	0.000000	93	13
000329	0.113687	248.611557	3062.494474	3062.494474	128167	3062.494456	3062.494493	0.000000	0.000000	93	9
000330	0.397904	76.550308	3062.670854	3062.670854	220608	3062.670791	3062.670918	0.000000	0.000000	93	49
000331	0.246321	153.738388	3062.538407	3062.538407	151188	3062.538367	3062.538446	0.000000	0.000000	93	13
000332	-3.922196	42.012493	3070.933790	3070.933790	96698	3070.934415	3070.933165	0.000000	0.000000	110	39
000333	3.732718	23.270868	3070.933720	3070.933720	96048	3070.933125	3070.934315	0.000000	0.000000	110	80
000334	3.947460	70.929390	3070.934533	3070.934533	96261	3070.933904	3070.935162	0.000000	0.000000	110	331
000335	-3.240075	32.652554	3071.439739	3071.439739	99745	3071.440255	3071.439222	0.000000	0.000000	111	10
000336	3.922196	1136.184326	3071.438673	3071.438673	98360	3071.438048	3071.439299	0.000000	0.000000	111	484
000337	-3.953776	15.585042	3074.749386	3074.749386	8	3074.750016	3074.748756	0.000000	0.000000	118	2
000338	3.922196	15.711805	3078.750596	3078.750596	262133	3078.749970	3078.751221	0.000000	0.000000	125	13
000339	-3.953776	19.180212	3087.249403	3087.249403	17	3087.250033	3087.248773	0.000000	0.000000	143	2
000340	-3.480080	15.321493	3089.265264	3089.265264	8297	3089.265819	3089.264709	0.000000	0.000000	147	62
000341	3.473764	26.063839	3089.265771	3089.265771	7900	3089.265218	3089.266325	0.000000	0.000000	147	387
000342	-3.637979	23.440607	3089.765731	3089.765731	8442	3089.766311	3089.765151	0.000000	0.000000	148	831
000343	0.012632	40.092178	3090.000001	3090.000001	131071	3089.999999	3090.000003	0.000000	0.000000	148	6
000344	3.814825	43.969936	3089.765791	3089.765791	7923	3089.765183	3089.766399	0.000000	0.000000	148	523
000345	0.694753	15.312320	3089.766097	3089.766097	8378	3089.765986	3089.766208	0.000000	0.000000	148	29
000346	3.922196	15.580315	3091.750586	3091.750586	262127	3091.749961	3091.751211	0.000000	0.000000	151	21
000347	1.200028	15.190578	3095.999462	3095.999462	130691	3095.999270	3095.999653	0.000000	0.000000	160	18
000348	1.421085	15.274520	3095.999465	3095.999465	130675	3095.999238	3095.999691	0.000000	0.000000	160	21
000349	0.006316	16.017649	3096.000601	3096.000601	131386	3096.000600	3096.000602	0.000000	0.000000	160	2
000350	-0.170530	59.740692	3096.028182	3096.028182	145864	3096.028209	3096.028154	0.000000	0.000000	160	75
000351	0.176846	59.556904	3095.971816	3095.971816	116280	3095.971787	3095.971844	0.000000	0.000000	160	77
000352	-3.953776	18.493671	3100.749382	3100.749382	6	3100.750012	3100.748752	0.000000	0.000000	170	2
000353	0.012632	16.580822	3102.917304	3102.917304	87714	3102.917302	3102.917306	0.000000	0.000000	174	2
000354	0.012632	15.954972	3102.916333	3102.916333	87205	3102.916331	3102.916335	0.000000	0.000000	174	2
000355	0.012632	15.702136	3103.082334	3103.082334	174237	3103.082332	3103.082336	0.000000	0.000000	174	2
000356	0.012632	15.803425	3103.083305	3103.083305	174746	3103.083302	3103.083307	0.000000	0.000000	174	2
000357	-3.953776	18.878094	3105.749384	3105.749384	7	3105.750014	3105.748754	0.000000	0.000000	180	2
000358	3.922196	18.720282	3110.250607	3110.250607	262136	3110.249982	3110.251232	0.000000	0.000000	188	8
