# -------------------------- o --------------------------
# File ID: /mnt/buf0/ASP/2025-07-05-04:50:14/fil_60861_17506_48543518_JPLH_ATLAS_0001/LoB.C0928/fil_60861_17506_48543518_JPLH_ATLAS_0001-beam0000.fbh5
# -------------------------- o --------------------------
# Source:JPLH_ATLAS
# MJD: 60861.20261574074	RA: 17h59m02.873ss	DEC:-18d38m24.50s
# DELTAT: 16.777216	DELTAF(Hz):  1.907349 max_drift_rate: 3.991671	obs_length: 318.767104
# --------------------------
# Top_Hit_#	Drift_Rate	SNR	Uncorrected_Frequency	Corrected_Frequency	Index	freq_start	freq_end	SEFD_freq	Coarse_Channel_Number	Full_number_of_hits
# --------------------------
000001	3.922196	17.251352	4649.750588	4649.750588	262127	4649.749963	4649.751213	0.000000	0.000000	3	17
000002	3.922196	20.415998	4654.250605	4654.250605	262135	4654.249980	4654.251230	0.000000	0.000000	12	10
000003	-3.953776	16.125589	4656.249382	4656.249382	6	4656.250012	4656.248752	0.000000	0.000000	17	2
000004	-0.006316	16.243443	4658.325851	4658.325851	39768	4658.325852	4658.325850	0.000000	0.000000	21	2
000005	-0.006316	21.661869	4658.520378	4658.520378	141756	4658.520379	4658.520377	0.000000	0.000000	21	2
000006	0.006316	19.123386	4658.505695	4658.505695	134057	4658.505694	4658.505696	0.000000	0.000000	21	2
000007	-0.018948	15.897095	4658.513038	4658.513038	137909	4658.513041	4658.513035	0.000000	0.000000	21	3
000008	-0.012632	16.520367	4658.524049	4658.524049	143681	4658.524051	4658.524047	0.000000	0.000000	21	3
000009	-0.006316	21.562166	4658.527718	4658.527718	145605	4658.527719	4658.527717	0.000000	0.000000	21	3
000010	-0.006316	19.388681	4658.546070	4658.546070	155226	4658.546071	4658.546069	0.000000	0.000000	21	2
000011	-0.006316	18.768154	4658.535059	4658.535059	149453	4658.535060	4658.535058	0.000000	0.000000	21	2
000012	-0.012632	16.763538	4658.560752	4658.560752	162924	4658.560754	4658.560750	0.000000	0.000000	21	3
000013	-0.006316	21.417715	4658.557081	4658.557081	160999	4658.557082	4658.557080	0.000000	0.000000	21	2
000014	-0.006316	19.201529	4658.568092	4658.568092	166772	4658.568093	4658.568091	0.000000	0.000000	21	2
000015	0.006316	21.241924	4658.538727	4658.538727	151376	4658.538726	4658.538728	0.000000	0.000000	21	3
000016	-0.012632	15.856730	4659.926108	4659.926108	92332	4659.926110	4659.926106	0.000000	0.000000	24	2
000017	-0.012632	16.716516	4659.940789	4659.940789	100029	4659.940791	4659.940787	0.000000	0.000000	24	3
000018	-0.006316	23.104496	4659.962810	4659.962810	111574	4659.962811	4659.962809	0.000000	0.000000	24	3
000019	-0.018948	20.241880	4659.988504	4659.988504	125046	4659.988507	4659.988501	0.000000	0.000000	24	3
000020	-0.006316	19.561758	4660.021536	4660.021536	142363	4660.021537	4660.021535	0.000000	0.000000	24	2
000021	-0.018948	19.873106	4659.951801	4659.951801	105803	4659.951804	4659.951798	0.000000	0.000000	24	3
000022	-0.012632	19.885317	4659.999514	4659.999514	130818	4659.999516	4659.999512	0.000000	0.000000	24	3
000023	-0.006316	27.468410	4659.984833	4659.984833	123120	4659.984834	4659.984832	0.000000	0.000000	24	2
000024	0.006316	15.216384	4660.014193	4660.014193	138513	4660.014192	4660.014194	0.000000	0.000000	24	3
000025	-0.006316	26.231251	4659.973822	4659.973822	117347	4659.973823	4659.973821	0.000000	0.000000	24	3
000026	3.922196	16.950897	4660.250597	4660.250597	262131	4660.249972	4660.251223	0.000000	0.000000	24	18
000027	-0.006316	19.316130	4660.340853	4660.340853	47633	4660.340854	4660.340852	0.000000	0.000000	25	3
000028	-0.006316	28.464037	4660.351864	4660.351864	53406	4660.351865	4660.351863	0.000000	0.000000	25	3
000029	0.170530	16.891293	4660.373867	4660.373867	64927	4660.373839	4660.373894	0.000000	0.000000	25	4
000030	-0.006316	45.478104	4660.377556	4660.377556	66876	4660.377557	4660.377555	0.000000	0.000000	25	3
000031	-0.012632	53.899235	4660.403249	4660.403249	80347	4660.403251	4660.403247	0.000000	0.000000	25	4
000032	-0.423168	16.614552	4660.403298	4660.403298	80408	4660.403365	4660.403230	0.000000	0.000000	25	6
000033	-0.012632	31.356533	4660.366546	4660.366546	61104	4660.366548	4660.366544	0.000000	0.000000	25	4
000034	0.423168	17.284353	4660.432560	4660.432560	95677	4660.432492	4660.432627	0.000000	0.000000	25	6
000035	-0.296849	15.786719	4660.384935	4660.384935	70768	4660.384982	4660.384887	0.000000	0.000000	25	9
000036	-0.012632	51.134167	4660.392238	4660.392238	74574	4660.392240	4660.392236	0.000000	0.000000	25	5
000037	-0.006316	55.812981	4660.388567	4660.388567	72649	4660.388568	4660.388566	0.000000	0.000000	25	3
000038	0.549486	15.202585	4660.414195	4660.414195	86041	4660.414107	4660.414282	0.000000	0.000000	25	7
000039	-0.006316	54.827347	4660.414259	4660.414259	86119	4660.414260	4660.414258	0.000000	0.000000	25	5
000040	-0.644225	15.026913	4660.414337	4660.414337	86214	4660.414439	4660.414234	0.000000	0.000000	25	8
000041	0.170530	19.693171	4660.377534	4660.377534	66851	4660.377507	4660.377562	0.000000	0.000000	25	6
000042	-0.416852	16.091036	4660.414308	4660.414308	86180	4660.414374	4660.414241	0.000000	0.000000	25	7
000043	0.429484	15.864453	4660.410538	4660.410538	84134	4660.410470	4660.410607	0.000000	0.000000	25	7
000044	-0.006316	68.944092	4660.410589	4660.410589	84195	4660.410590	4660.410588	0.000000	0.000000	25	4
000045	0.423168	16.475233	4660.436224	4660.436224	97601	4660.436156	4660.436291	0.000000	0.000000	25	13
000046	-0.006316	41.313488	4660.461973	4660.461973	111135	4660.461974	4660.461972	0.000000	0.000000	25	3
000047	0.189478	16.139496	4660.458279	4660.458279	109182	4660.458249	4660.458309	0.000000	0.000000	25	5
000048	-0.012632	19.486097	4660.487666	4660.487666	124606	4660.487668	4660.487664	0.000000	0.000000	25	3
000049	-0.006316	52.152889	4660.450962	4660.450962	105362	4660.450963	4660.450961	0.000000	0.000000	25	3
000050	-0.012632	27.138645	4660.476655	4660.476655	118833	4660.476657	4660.476653	0.000000	0.000000	25	4
000051	-0.012632	49.805573	4660.439952	4660.439952	99590	4660.439954	4660.439950	0.000000	0.000000	25	4
000052	-0.012632	29.971472	4660.465644	4660.465644	113060	4660.465646	4660.465642	0.000000	0.000000	25	4
000053	0.006316	19.360256	4660.495005	4660.495005	128452	4660.495004	4660.495006	0.000000	0.000000	25	2
000054	-0.404220	15.723737	4660.439998	4660.439998	99648	4660.440063	4660.439934	0.000000	0.000000	25	7
000055	0.315797	15.032928	4660.450926	4660.450926	105317	4660.450875	4660.450976	0.000000	0.000000	25	5
000056	3.922196	18.026207	4660.750548	4660.750548	262104	4660.749923	4660.751173	0.000000	0.000000	25	32
000057	-0.006316	18.480583	4660.829004	4660.829004	41421	4660.829005	4660.829003	0.000000	0.000000	26	2
000058	0.006316	16.321133	4660.821663	4660.821663	37571	4660.821662	4660.821664	0.000000	0.000000	26	2
000059	0.006316	21.201338	4660.825333	4660.825333	39495	4660.825332	4660.825334	0.000000	0.000000	26	2
000060	-0.012632	21.772488	4660.869378	4660.869378	62589	4660.869380	4660.869376	0.000000	0.000000	26	3
000061	-0.006316	23.345203	4660.865707	4660.865707	60664	4660.865708	4660.865706	0.000000	0.000000	26	3
000062	-0.012632	22.285801	4660.891400	4660.891400	74135	4660.891402	4660.891398	0.000000	0.000000	26	3
000063	0.006316	26.381336	4660.862036	4660.862036	58738	4660.862035	4660.862037	0.000000	0.000000	26	2
000064	-0.012632	21.782078	4660.880389	4660.880389	68362	4660.880391	4660.880387	0.000000	0.000000	26	3
000065	-0.006316	22.806219	4660.854696	4660.854696	54891	4660.854697	4660.854695	0.000000	0.000000	26	3
000066	-0.012632	24.654371	4660.902411	4660.902411	79908	4660.902413	4660.902409	0.000000	0.000000	26	3
000067	3.922196	16.634106	4669.250611	4669.250611	262137	4669.249986	4669.251236	0.000000	0.000000	42	4
000068	-0.006316	27.887011	4670.622604	4670.622604	195352	4670.622605	4670.622603	0.000000	0.000000	45	4
000069	-0.006316	29.200657	4670.606470	4670.606470	186893	4670.606471	4670.606469	0.000000	0.000000	45	4
000070	0.006316	24.187983	4670.627350	4670.627350	197839	4670.627349	4670.627351	0.000000	0.000000	45	4
000071	-3.953776	15.883071	4672.249390	4672.249390	10	4672.250020	4672.248760	0.000000	0.000000	49	2
000072	1.673723	16.062603	4677.079264	4677.079264	172489	4677.078998	4677.079531	0.000000	0.000000	58	17
000073	0.555802	31.193266	4677.079279	4677.079279	172589	4677.079190	4677.079367	0.000000	0.000000	58	21
000074	3.884300	16.521469	4677.079689	4677.079689	172538	4677.079070	4677.080308	0.000000	0.000000	58	43
000075	-0.290533	15.762879	4677.079804	4677.079804	172935	4677.079850	4677.079758	0.000000	0.000000	58	8
000076	0.631594	263.042603	4677.079522	4677.079522	172716	4677.079421	4677.079622	0.000000	0.000000	58	46
000077	-0.006316	15.357996	4677.499721	4677.499721	130926	4677.499722	4677.499720	0.000000	0.000000	59	2
000078	0.006316	19.459541	4677.478947	4677.478947	120033	4677.478946	4677.478948	0.000000	0.000000	59	4
000079	0.006316	29.590561	4677.483692	4677.483692	122521	4677.483691	4677.483693	0.000000	0.000000	59	4
000080	0.006316	16.185661	4677.545855	4677.545855	155113	4677.545854	4677.545856	0.000000	0.000000	59	3
000081	0.176846	16.011827	4677.494116	4677.494116	127972	4677.494088	4677.494145	0.000000	0.000000	59	3
000082	-0.006316	18.264303	4677.504467	4677.504467	133414	4677.504468	4677.504466	0.000000	0.000000	59	2
000083	-0.006316	18.365038	4677.502094	4677.502094	132170	4677.502095	4677.502093	0.000000	0.000000	59	2
000084	0.006316	53.973351	4677.532095	4677.532095	147898	4677.532094	4677.532096	0.000000	0.000000	59	4
000085	-0.006316	15.463910	4677.500196	4677.500196	131175	4677.500197	4677.500195	0.000000	0.000000	59	2
000086	0.176846	15.021888	4677.496489	4677.496489	129216	4677.496461	4677.496517	0.000000	0.000000	59	3
000087	0.410536	15.290942	4677.507381	4677.507381	134907	4677.507316	4677.507447	0.000000	0.000000	59	7
000088	-0.006316	18.006338	4677.511110	4677.511110	136897	4677.511111	4677.511109	0.000000	0.000000	59	2
000089	0.006316	81.103767	4677.499826	4677.499826	130980	4677.499825	4677.499827	0.000000	0.000000	59	5
000090	-0.183162	16.405298	4677.496996	4677.496996	129512	4677.497025	4677.496967	0.000000	0.000000	59	7
000091	-0.296849	15.289418	4677.524528	4677.524528	143957	4677.524575	4677.524481	0.000000	0.000000	59	4
000092	-0.006316	19.731930	4677.509687	4677.509687	136151	4677.509688	4677.509686	0.000000	0.000000	59	2
000093	-0.006316	16.919779	4677.506365	4677.506365	134409	4677.506366	4677.506364	0.000000	0.000000	59	2
000094	-0.006316	15.713218	4677.508738	4677.508738	135653	4677.508739	4677.508737	0.000000	0.000000	59	2
000095	-0.006316	19.025000	4677.509212	4677.509212	135902	4677.509213	4677.509211	0.000000	0.000000	59	2
000096	-0.138951	31.614740	4677.702713	4677.702713	237363	4677.702735	4677.702691	0.000000	0.000000	59	4
000097	0.454747	40.397049	4677.714864	4677.714864	243684	4677.714791	4677.714936	0.000000	0.000000	59	8
000098	-0.006316	19.661900	4677.511585	4677.511585	137146	4677.511586	4677.511584	0.000000	0.000000	59	2
000099	-0.290533	15.385698	4677.520258	4677.520258	141717	4677.520305	4677.520212	0.000000	0.000000	59	6
000100	0.511591	57.203918	4677.687594	4677.687594	229383	4677.687512	4677.687675	0.000000	0.000000	59	11
000101	0.410536	15.771911	4677.512123	4677.512123	137395	4677.512057	4677.512188	0.000000	0.000000	59	11
000102	0.006316	84.689636	4677.502199	4677.502199	132224	4677.502198	4677.502200	0.000000	0.000000	59	4
000103	-0.006316	16.677458	4677.513483	4677.513483	138141	4677.513484	4677.513482	0.000000	0.000000	59	2
000104	-0.644225	15.108898	4677.509776	4677.509776	136250	4677.509879	4677.509674	0.000000	0.000000	59	12
000105	0.757912	15.387768	4677.512659	4677.512659	137645	4677.512538	4677.512780	0.000000	0.000000	59	14
000106	-0.656857	15.237315	4677.513042	4677.513042	137964	4677.513146	4677.512937	0.000000	0.000000	59	10
000107	2.570586	15.080707	4677.513350	4677.513350	137857	4677.512940	4677.513760	0.000000	0.000000	59	21
000108	-3.953776	17.167494	4681.249466	4681.249466	50	4681.250096	4681.248836	0.000000	0.000000	67	2
000109	-0.006316	25.148285	4684.427824	4684.427824	93231	4684.427825	4684.427823	0.000000	0.000000	73	4
000110	-0.006316	15.089063	4684.436840	4684.436840	97958	4684.436841	4684.436839	0.000000	0.000000	73	3
000111	0.006316	22.429115	4684.390810	4684.390810	73824	4684.390809	4684.390811	0.000000	0.000000	73	4
000112	-0.006316	29.639132	4684.423078	4684.423078	90743	4684.423079	4684.423077	0.000000	0.000000	73	4
000113	-0.688437	18.157719	4686.292635	4686.292635	22407	4686.292745	4686.292525	0.000000	0.000000	77	28
000114	-0.126319	15.760007	4687.491522	4687.491522	126637	4687.491542	4687.491502	0.000000	0.000000	79	4
000115	0.240006	17.060648	4687.508309	4687.508309	135409	4687.508271	4687.508348	0.000000	0.000000	79	5
000116	1.421085	15.602994	4687.544016	4687.544016	154032	4687.543790	4687.544243	0.000000	0.000000	79	19
000117	-3.568504	15.932097	4687.543698	4687.543698	154282	4687.544267	4687.543129	0.000000	0.000000	79	28
000118	1.648459	16.163784	4687.543990	4687.543990	153996	4687.543727	4687.544252	0.000000	0.000000	79	16
000119	-2.254789	15.423647	4687.544003	4687.544003	154333	4687.544362	4687.543643	0.000000	0.000000	79	23
000120	0.069475	134.132126	4687.544217	4687.544217	154252	4687.544206	4687.544228	0.000000	0.000000	79	15
000121	3.922196	17.089216	4691.250607	4691.250607	262136	4691.249982	4691.251232	0.000000	0.000000	86	6
000122	3.126388	16.303347	4693.750429	4693.750429	262110	4693.749930	4693.750927	0.000000	0.000000	91	17
000123	3.922196	15.647620	4694.250576	4694.250576	262127	4694.249951	4694.251202	0.000000	0.000000	92	28
000124	-3.953776	17.419094	4695.936384	4695.936384	98054	4695.937015	4695.935754	0.000000	0.000000	96	17
000125	-3.941144	15.999337	4695.934847	4695.934847	97239	4695.935475	4695.934219	0.000000	0.000000	96	38
000126	-3.941144	17.361849	4695.935608	4695.935608	97651	4695.936236	4695.934980	0.000000	0.000000	96	49
000127	-3.852721	16.231827	4695.934558	4695.934558	97083	4695.935172	4695.933944	0.000000	0.000000	96	48
000128	-3.757982	16.359425	4695.934274	4695.934274	96916	4695.934873	4695.933675	0.000000	0.000000	96	50
000129	-3.947460	16.991117	4695.941329	4695.941329	100645	4695.941958	4695.940700	0.000000	0.000000	96	23
000130	-3.947460	15.637916	4695.944268	4695.944268	102198	4695.944898	4695.943639	0.000000	0.000000	96	46
000131	-3.941144	16.032764	4695.944758	4695.944758	102442	4695.945386	4695.944130	0.000000	0.000000	96	21
000132	-3.934828	18.083815	4695.937358	4695.937358	98569	4695.937985	4695.936731	0.000000	0.000000	96	29
000133	-3.934828	16.889021	4695.943361	4695.943361	101716	4695.943988	4695.942734	0.000000	0.000000	96	53
000134	-3.928512	15.985334	4695.942517	4695.942517	101281	4695.943143	4695.941891	0.000000	0.000000	96	69
000135	-3.941144	15.318689	4695.943775	4695.943775	101924	4695.944404	4695.943147	0.000000	0.000000	96	23
000136	-3.934828	15.103279	4695.942800	4695.942800	101409	4695.943427	4695.942173	0.000000	0.000000	96	45
000137	-3.922196	17.611641	4695.940658	4695.940658	100304	4695.941283	4695.940033	0.000000	0.000000	96	54
000138	-3.928512	15.108477	4695.954754	4695.954754	107680	4695.955380	4695.954128	0.000000	0.000000	96	24
000139	-3.928512	15.251254	4695.944901	4695.944901	102514	4695.945527	4695.944275	0.000000	0.000000	96	22
000140	-3.928512	18.594595	4695.966010	4695.966010	113605	4695.966636	4695.965383	0.000000	0.000000	96	58
000141	-3.922196	15.205993	4695.954414	4695.954414	107502	4695.955039	4695.953789	0.000000	0.000000	96	19
000142	-3.934828	17.776291	4695.965728	4695.965728	113437	4695.966355	4695.965101	0.000000	0.000000	96	21
000143	-3.922196	20.316586	4695.958427	4695.958427	109601	4695.959052	4695.957802	0.000000	0.000000	96	41
000144	-3.890616	16.046272	4695.942019	4695.942019	101001	4695.942639	4695.941399	0.000000	0.000000	96	60
000145	-3.953776	74.717911	4696.006939	4696.006939	135037	4696.007569	4696.006309	0.000000	0.000000	96	8
000146	-3.877984	15.070809	4695.945859	4695.945859	103010	4695.946477	4695.945241	0.000000	0.000000	96	18
000147	-3.859037	15.985999	4695.941645	4695.941645	100816	4695.942260	4695.941030	0.000000	0.000000	96	80
000148	-3.840089	16.038164	4695.945775	4695.945775	102958	4695.946387	4695.945163	0.000000	0.000000	96	30
000149	-3.808509	15.690106	4695.941845	4695.941845	100906	4695.942452	4695.941238	0.000000	0.000000	96	90
000150	-3.821141	15.744962	4695.953589	4695.953589	107066	4695.954198	4695.952980	0.000000	0.000000	96	64
000151	-3.688506	17.531479	4695.940077	4695.940077	100032	4695.940665	4695.939489	0.000000	0.000000	96	206
000152	-3.663243	18.180426	4695.938407	4695.938407	99117	4695.938991	4695.937823	0.000000	0.000000	96	149
000153	-3.808509	17.871346	4695.968508	4695.968508	114881	4695.969115	4695.967901	0.000000	0.000000	96	158
000154	-3.391657	17.215076	4695.935965	4695.935965	97814	4695.936505	4695.935424	0.000000	0.000000	96	145
000155	-3.833773	19.345486	4695.969038	4695.969038	115279	4695.969649	4695.968427	0.000000	0.000000	96	305
000156	-3.543240	15.282222	4695.954762	4695.954762	107652	4695.955327	4695.954198	0.000000	0.000000	96	30
000157	-3.480080	15.253912	4695.945634	4695.945634	102858	4695.946189	4695.945080	0.000000	0.000000	96	29
000158	-3.467449	15.022328	4695.944292	4695.944292	102160	4695.944844	4695.943739	0.000000	0.000000	96	31
000159	-3.505344	15.362929	4695.951678	4695.951678	106038	4695.952237	4695.951120	0.000000	0.000000	96	53
000160	-3.170600	15.438730	4695.934867	4695.934867	97182	4695.935372	4695.934362	0.000000	0.000000	96	29
000161	-3.296918	15.137398	4695.963989	4695.963989	112468	4695.964515	4695.963464	0.000000	0.000000	96	26
000162	-3.132704	15.147001	4695.939901	4695.939901	99824	4695.940400	4695.939402	0.000000	0.000000	96	33
000163	-3.145336	15.138105	4695.967861	4695.967861	114480	4695.968362	4695.967359	0.000000	0.000000	96	27
000164	-2.703220	15.003988	4695.936012	4695.936012	97751	4695.936442	4695.935581	0.000000	0.000000	96	23
000165	-2.734800	15.073810	4695.938347	4695.938347	98971	4695.938783	4695.937911	0.000000	0.000000	96	36
000166	-3.176916	15.068158	4695.965571	4695.965571	113286	4695.966077	4695.965064	0.000000	0.000000	96	18
000167	-2.785328	15.091936	4695.962673	4695.962673	111736	4695.963117	4695.962229	0.000000	0.000000	96	18
000168	-3.037965	15.028100	4695.969974	4695.969974	115583	4695.970458	4695.969490	0.000000	0.000000	96	26
000169	-2.785328	15.145373	4695.945707	4695.945707	102843	4695.946151	4695.945263	0.000000	0.000000	96	23
000170	-2.734800	15.396116	4695.960770	4695.960770	110728	4695.961205	4695.960334	0.000000	0.000000	96	61
000171	-2.456899	15.024446	4695.962181	4695.962181	111453	4695.962573	4695.961790	0.000000	0.000000	96	25
000172	-2.456899	15.240436	4695.940613	4695.940613	100142	4695.941005	4695.940222	0.000000	0.000000	96	43
000173	-2.406371	15.212770	4695.939612	4695.939612	99612	4695.939996	4695.939229	0.000000	0.000000	96	21
000174	-2.835855	15.484265	4695.961621	4695.961621	111186	4695.962073	4695.961169	0.000000	0.000000	96	53
000175	-2.242157	15.396051	4695.958451	4695.958451	109476	4695.958808	4695.958093	0.000000	0.000000	96	31
000176	-2.469531	15.220767	4695.957709	4695.957709	109111	4695.958102	4695.957315	0.000000	0.000000	96	25
000177	-2.242157	15.019180	4695.959273	4695.959273	109908	4695.959630	4695.958915	0.000000	0.000000	96	22
000178	-2.842171	15.167194	4695.965157	4695.965157	113041	4695.965610	4695.964704	0.000000	0.000000	96	22
000179	-2.482163	15.054283	4695.962767	4695.962767	111761	4695.963162	4695.962371	0.000000	0.000000	96	39
000180	-2.021099	15.084698	4695.959209	4695.959209	109854	4695.959531	4695.958887	0.000000	0.000000	96	33
000181	-2.261105	15.073068	4695.969073	4695.969073	115045	4695.969434	4695.968713	0.000000	0.000000	96	17
000182	-2.709536	15.025307	4695.969532	4695.969532	115323	4695.969964	4695.969100	0.000000	0.000000	96	21
000183	1.781094	15.750350	4695.945176	4695.945176	102180	4695.944892	4695.945460	0.000000	0.000000	96	42
000184	-1.825305	15.288480	4695.975523	4695.975523	118389	4695.975814	4695.975232	0.000000	0.000000	96	32
000185	2.905330	15.250305	4695.935177	4695.935177	96847	4695.934714	4695.935640	0.000000	0.000000	96	36
000186	3.934828	15.528135	4695.934279	4695.934279	96288	4695.933652	4695.934906	0.000000	0.000000	96	21
000187	3.012701	15.360467	4695.945323	4695.945323	102150	4695.944842	4695.945803	0.000000	0.000000	96	55
000188	2.785328	15.535316	4695.936938	4695.936938	97776	4695.936494	4695.937382	0.000000	0.000000	96	49
000189	3.833773	15.466261	4695.934423	4695.934423	96368	4695.933812	4695.935034	0.000000	0.000000	96	38
000190	3.896932	16.165621	4695.934004	4695.934004	96146	4695.933383	4695.934625	0.000000	0.000000	96	48
000191	2.627429	15.244192	4695.957598	4695.957598	108616	4695.957179	4695.958017	0.000000	0.000000	96	42
000192	3.019017	15.005834	4695.955431	4695.955431	107450	4695.954949	4695.955912	0.000000	0.000000	96	19
000193	2.330580	15.449006	4695.959929	4695.959929	109872	4695.959558	4695.960300	0.000000	0.000000	96	36
000194	2.911646	15.125152	4695.963232	4695.963232	111553	4695.962768	4695.963696	0.000000	0.000000	96	42
000195	2.917962	15.523155	4695.963353	4695.963353	111610	4695.962888	4695.963818	0.000000	0.000000	96	48
000196	2.785328	15.081998	4695.962420	4695.962420	111135	4695.961976	4695.962864	0.000000	0.000000	96	53
000197	2.355844	15.029159	4695.960852	4695.960852	110347	4695.960477	4695.961228	0.000000	0.000000	96	25
000198	3.947460	15.334094	4695.943913	4695.943913	101333	4695.943284	4695.944542	0.000000	0.000000	96	25
000199	3.833773	15.441551	4695.944418	4695.944418	101613	4695.943807	4695.945029	0.000000	0.000000	96	31
000200	3.814825	18.528379	4695.945042	4695.945042	102013	4695.944434	4695.945650	0.000000	0.000000	96	223
000201	3.953776	16.880701	4695.934576	4695.934576	96432	4695.933946	4695.935206	0.000000	0.000000	96	43
000202	2.602165	15.063964	4695.965061	4695.965061	112527	4695.964646	4695.965476	0.000000	0.000000	96	46
000203	2.734800	15.354843	4695.961340	4695.961340	110575	4695.960904	4695.961776	0.000000	0.000000	96	48
000204	3.467449	15.407779	4695.940564	4695.940564	99621	4695.940011	4695.941116	0.000000	0.000000	96	26
000205	3.833773	17.155069	4695.935966	4695.935966	97148	4695.935355	4695.936577	0.000000	0.000000	96	115
000206	3.928512	16.153837	4695.935007	4695.935007	96665	4695.934381	4695.935633	0.000000	0.000000	96	37
000207	3.322182	15.373196	4695.943930	4695.943930	101401	4695.943400	4695.944459	0.000000	0.000000	96	83
000208	3.814825	16.856413	4695.941433	4695.941433	100063	4695.940825	4695.942042	0.000000	0.000000	96	93
000209	3.593767	15.006461	4695.953979	4695.953979	106635	4695.953406	4695.954552	0.000000	0.000000	96	31
000210	3.139020	15.359970	4695.964483	4695.964483	112183	4695.963983	4695.964983	0.000000	0.000000	96	26
000211	3.922196	15.815467	4695.943728	4695.943728	101234	4695.943103	4695.944353	0.000000	0.000000	96	33
000212	3.941144	15.006287	4695.955055	4695.955055	107176	4695.954427	4695.955683	0.000000	0.000000	96	24
000213	3.871668	15.057156	4695.953564	4695.953564	106399	4695.952947	4695.954181	0.000000	0.000000	96	22
000214	-3.928512	17.302490	4696.032633	4696.032633	148501	4696.033259	4696.032007	0.000000	0.000000	96	83
000215	3.808509	18.396261	4695.966129	4695.966129	112997	4695.965522	4695.966736	0.000000	0.000000	96	77
000216	3.947460	17.278074	4695.939580	4695.939580	99064	4695.938951	4695.940209	0.000000	0.000000	96	75
000217	-3.890616	17.709063	4696.033269	4696.033269	148850	4696.033889	4696.032649	0.000000	0.000000	96	53
000218	3.903248	16.523041	4695.943351	4695.943351	101040	4695.942729	4695.943973	0.000000	0.000000	96	26
000219	-3.934828	18.248428	4696.034850	4696.034850	149679	4696.035478	4696.034223	0.000000	0.000000	96	49
000220	1.648459	15.315115	4695.974061	4695.974061	117337	4695.973798	4695.974323	0.000000	0.000000	96	45
000221	3.934828	16.837589	4695.940701	4695.940701	99641	4695.940074	4695.941328	0.000000	0.000000	96	39
000222	3.947460	15.214406	4695.939255	4695.939255	98893	4695.938626	4695.939885	0.000000	0.000000	96	4
000223	-3.770613	17.987032	4696.031398	4696.031398	147762	4696.031999	4696.030797	0.000000	0.000000	96	263
000224	0.012632	55346.949219	4696.000009	4696.000009	131071	4696.000007	4696.000011	0.000000	0.000000	96	7052
000225	3.947460	16.292559	4695.942282	4695.942282	100476	4695.941653	4695.942912	0.000000	0.000000	96	32
000226	3.808509	15.225186	4695.942567	4695.942567	100639	4695.941960	4695.943174	0.000000	0.000000	96	23
000227	3.928512	16.415855	4695.954610	4695.954610	106931	4695.953984	4695.955237	0.000000	0.000000	96	52
000228	3.776929	17.852533	4695.937882	4695.937882	98215	4695.937280	4695.938484	0.000000	0.000000	96	512
000229	-3.922196	19.155891	4696.041006	4696.041006	152901	4696.041631	4696.040380	0.000000	0.000000	96	22
000230	-0.966338	15.115581	4696.018896	4696.018896	141060	4696.019050	4696.018742	0.000000	0.000000	96	22
000231	2.216893	15.751781	4695.969636	4695.969636	114957	4695.969283	4695.969990	0.000000	0.000000	96	53
000232	2.115838	15.011822	4695.971758	4695.971758	116096	4695.971421	4695.972096	0.000000	0.000000	96	33
000233	-3.928512	16.332567	4696.044896	4696.044896	154939	4696.045522	4696.044269	0.000000	0.000000	96	35
000234	-3.928512	16.423801	4696.045617	4696.045617	155320	4696.046243	4696.044990	0.000000	0.000000	96	44
000235	3.922196	15.968322	4695.942103	4695.942103	100388	4695.941478	4695.942728	0.000000	0.000000	96	37
000236	1.010550	15.013505	4696.019623	4696.019623	141277	4696.019462	4696.019784	0.000000	0.000000	96	22
000237	3.953776	16.273937	4695.941910	4695.941910	100281	4695.941279	4695.942540	0.000000	0.000000	96	24
000238	-3.852721	15.027839	4696.045497	4696.045497	155245	4696.046111	4696.044883	0.000000	0.000000	96	22
000239	-3.877984	15.089513	4696.047326	4696.047326	156208	4696.047944	4696.046708	0.000000	0.000000	96	17
000240	3.934828	17.129240	4695.965304	4695.965304	112541	4695.964677	4695.965931	0.000000	0.000000	96	27
000241	3.903248	15.522701	4695.953466	4695.953466	106352	4695.952844	4695.954088	0.000000	0.000000	96	22
000242	3.947460	15.614789	4695.954417	4695.954417	106836	4695.953788	4695.955046	0.000000	0.000000	96	29
000243	1.471613	15.184782	4695.977002	4695.977002	118893	4695.976768	4695.977237	0.000000	0.000000	96	26
000244	-3.953776	15.330935	4696.051176	4696.051176	158236	4696.051806	4696.050546	0.000000	0.000000	96	28
000245	-3.701138	15.030586	4696.045353	4696.045353	155151	4696.045943	4696.044763	0.000000	0.000000	96	43
000246	-3.859037	15.006962	4696.048080	4696.048080	156600	4696.048696	4696.047465	0.000000	0.000000	96	18
000247	3.833773	16.871559	4695.966434	4695.966434	113165	4695.965823	4695.967045	0.000000	0.000000	96	97
000248	3.827457	15.646454	4695.944110	4695.944110	101448	4695.943500	4695.944720	0.000000	0.000000	96	27
000249	3.941144	21.191591	4695.959037	4695.959037	109250	4695.958409	4695.959666	0.000000	0.000000	96	48
000250	-3.953776	15.185913	4696.055296	4696.055296	160394	4696.055926	4696.054666	0.000000	0.000000	96	15
000251	-3.890616	15.734643	4696.054484	4696.054484	159962	4696.055104	4696.053864	0.000000	0.000000	96	30
000252	0.025264	15.017338	4695.992467	4695.992467	127125	4695.992463	4695.992471	0.000000	0.000000	96	23
000253	3.296918	15.079367	4695.964298	4695.964298	112076	4695.963773	4695.964824	0.000000	0.000000	96	20
000254	-3.619031	15.117724	4696.045254	4696.045254	155097	4696.045831	4696.044677	0.000000	0.000000	96	25
000255	-3.922196	15.600674	4696.058429	4696.058429	162026	4696.059054	4696.057804	0.000000	0.000000	96	39
000256	-3.928512	15.028722	4696.058625	4696.058625	162130	4696.059251	4696.057999	0.000000	0.000000	96	33
000257	-2.677957	15.119603	4696.028623	4696.028623	146294	4696.029050	4696.028196	0.000000	0.000000	96	40
000258	-2.703220	15.053653	4696.029062	4696.029062	146532	4696.029492	4696.028631	0.000000	0.000000	96	33
000259	-3.922196	15.164863	4696.059968	4696.059968	162841	4696.060594	4696.059343	0.000000	0.000000	96	22
000260	-3.934828	16.466894	4696.060604	4696.060604	163173	4696.061231	4696.059976	0.000000	0.000000	96	34
000261	-3.947460	15.943756	4696.061170	4696.061170	163473	4696.061799	4696.060541	0.000000	0.000000	96	23
000262	-3.814825	15.508071	4696.056343	4696.056343	160938	4696.056951	4696.055735	0.000000	0.000000	96	51
000263	-3.808509	15.539138	4696.057436	4696.057436	161496	4696.058043	4696.056829	0.000000	0.000000	96	58
000264	-3.947460	15.996308	4696.062824	4696.062824	164341	4696.063453	4696.062194	0.000000	0.000000	96	20
000265	-3.953776	15.489902	4696.063481	4696.063481	164685	4696.064111	4696.062850	0.000000	0.000000	96	15
000266	3.600083	15.000348	4695.964396	4695.964396	112103	4695.963822	4695.964970	0.000000	0.000000	96	17
000267	-3.840089	16.658861	4696.059116	4696.059116	162385	4696.059728	4696.058504	0.000000	0.000000	96	72
000268	-3.840089	15.725356	4696.059432	4696.059432	162531	4696.060044	4696.058820	0.000000	0.000000	96	70
000269	-3.814825	16.404594	4696.058925	4696.058925	162287	4696.059533	4696.058317	0.000000	0.000000	96	67
000270	-3.240075	15.554452	4696.044883	4696.044883	154839	4696.045400	4696.044367	0.000000	0.000000	96	98
000271	-3.941144	16.354664	4696.063877	4696.063877	164892	4696.064506	4696.063249	0.000000	0.000000	96	15
000272	-2.696904	15.093734	4696.030117	4696.030117	147083	4696.030547	4696.029687	0.000000	0.000000	96	28
000273	-3.941144	15.334580	4696.064511	4696.064511	165218	4696.065139	4696.063883	0.000000	0.000000	96	24
000274	-3.814825	15.771920	4696.062101	4696.062101	163957	4696.062709	4696.061493	0.000000	0.000000	96	48
000275	-3.840089	17.300602	4696.063096	4696.063096	164479	4696.063708	4696.062484	0.000000	0.000000	96	26
000276	-3.808509	17.236902	4696.062527	4696.062527	164170	4696.063134	4696.061920	0.000000	0.000000	96	74
000277	-2.633745	15.126738	4696.032203	4696.032203	148180	4696.032622	4696.031783	0.000000	0.000000	96	27
000278	3.922196	15.208218	4695.968752	4695.968752	114361	4695.968127	4695.969378	0.000000	0.000000	96	15
000279	-3.833773	15.512161	4696.064196	4696.064196	165036	4696.064807	4696.063585	0.000000	0.000000	96	45
000280	-3.814825	17.015158	4696.063640	4696.063640	164773	4696.064248	4696.063032	0.000000	0.000000	96	64
000281	-2.393740	15.339613	4696.029677	4696.029677	146833	4696.030059	4696.029296	0.000000	0.000000	96	47
000282	-2.766380	15.089601	4696.042910	4696.042910	153800	4696.043351	4696.042469	0.000000	0.000000	96	42
000283	-3.808509	15.081055	4696.064620	4696.064620	165271	4696.065227	4696.064013	0.000000	0.000000	96	35
000284	-3.619031	15.169959	4696.058603	4696.058603	162106	4696.059180	4696.058027	0.000000	0.000000	96	31
000285	-3.821141	15.332834	4696.064356	4696.064356	165135	4696.064965	4696.063747	0.000000	0.000000	96	27
000286	-2.412687	15.029578	4696.039123	4696.039123	151788	4696.039508	4696.038739	0.000000	0.000000	96	20
000287	-3.656927	15.131828	4696.060356	4696.060356	163026	4696.060939	4696.059773	0.000000	0.000000	96	26
000288	-3.543240	15.678580	4696.058236	4696.058236	161893	4696.058801	4696.057671	0.000000	0.000000	96	52
000289	-3.656927	16.856646	4696.061539	4696.061539	163634	4696.062121	4696.060956	0.000000	0.000000	96	81
000290	-3.587451	15.965903	4696.060966	4696.060966	163336	4696.061538	4696.060394	0.000000	0.000000	96	65
000291	-2.058995	15.039529	4696.025063	4696.025063	144391	4696.025392	4696.024735	0.000000	0.000000	96	30
000292	-2.608481	15.235629	4696.030408	4696.030408	147230	4696.030824	4696.029992	0.000000	0.000000	96	30
000293	-2.115838	15.059372	4696.028964	4696.028964	146432	4696.029302	4696.028627	0.000000	0.000000	96	20
000294	-2.368476	15.469802	4696.026109	4696.026109	144956	4696.026486	4696.025731	0.000000	0.000000	96	24
000295	3.928512	15.116254	4695.966301	4695.966301	113080	4695.965674	4695.966927	0.000000	0.000000	96	31
000296	-3.467449	16.369898	4696.060243	4696.060243	162934	4696.060796	4696.059690	0.000000	0.000000	96	47
000297	-2.456899	15.405541	4696.038718	4696.038718	151583	4696.039109	4696.038326	0.000000	0.000000	96	39
000298	-3.587451	15.972034	4696.063425	4696.063425	164621	4696.063996	4696.062853	0.000000	0.000000	96	59
000299	3.934828	17.867470	4695.967053	4695.967053	113456	4695.966426	4695.967680	0.000000	0.000000	96	29
000300	2.785328	15.528191	4695.970963	4695.970963	115615	4695.970519	4695.971407	0.000000	0.000000	96	52
000301	1.023182	15.113173	4695.981808	4695.981808	121450	4695.981645	4695.981971	0.000000	0.000000	96	20
000302	-2.115838	15.094029	4696.039346	4696.039346	151871	4696.039683	4696.039009	0.000000	0.000000	96	26
000303	-3.360078	15.005137	4696.060438	4696.060438	163035	4696.060973	4696.059902	0.000000	0.000000	96	38
000304	-2.507426	15.024297	4696.035988	4696.035988	150153	4696.036387	4696.035588	0.000000	0.000000	96	38
000305	-2.141102	15.513564	4696.031325	4696.031325	147681	4696.031667	4696.030984	0.000000	0.000000	96	39
000306	-3.132704	15.157302	4696.058866	4696.058866	162193	4696.059365	4696.058367	0.000000	0.000000	96	30
000307	-3.208495	15.014280	4696.060691	4696.060691	163162	4696.061202	4696.060179	0.000000	0.000000	96	20
000308	1.338978	15.206739	4696.022578	4696.022578	142794	4696.022365	4696.022791	0.000000	0.000000	96	36
000309	-3.473764	15.106168	4696.064347	4696.064347	165102	4696.064900	4696.063793	0.000000	0.000000	96	39
000310	-1.092657	15.958274	4696.027413	4696.027413	145536	4696.027587	4696.027239	0.000000	0.000000	96	28
000311	-2.021099	15.521748	4696.040946	4696.040946	152710	4696.041268	4696.040624	0.000000	0.000000	96	24
000312	-2.816907	17.480167	4696.054878	4696.054878	160091	4696.055327	4696.054429	0.000000	0.000000	96	100
000313	-2.785328	15.006550	4696.063543	4696.063543	164616	4696.063987	4696.063099	0.000000	0.000000	96	56
000314	1.585300	15.083900	4696.023624	4696.023624	143329	4696.023372	4696.023877	0.000000	0.000000	96	21
000315	-1.894781	15.273850	4696.054825	4696.054825	159974	4696.055127	4696.054523	0.000000	0.000000	96	34
000316	1.648459	15.097186	4696.023404	4696.023404	143207	4696.023141	4696.023666	0.000000	0.000000	96	27
000317	2.065311	15.045495	4696.024491	4696.024491	143741	4696.024161	4696.024820	0.000000	0.000000	96	17
000318	1.534772	15.762024	4696.027502	4696.027502	145366	4696.027257	4696.027746	0.000000	0.000000	96	38
000319	1.787410	15.032396	4696.040527	4696.040527	152176	4696.040242	4696.040812	0.000000	0.000000	96	51
000320	2.216893	15.167345	4696.030101	4696.030101	146671	4696.029748	4696.030455	0.000000	0.000000	96	37
000321	3.031649	15.271369	4696.034813	4696.034813	149069	4696.034329	4696.035296	0.000000	0.000000	96	24
000322	2.444267	15.008022	4696.041902	4696.041902	152837	4696.041512	4696.042292	0.000000	0.000000	96	41
000323	2.103206	15.843659	4696.041192	4696.041192	152490	4696.040856	4696.041527	0.000000	0.000000	96	53
000324	2.343212	15.059700	4696.036431	4696.036431	149981	4696.036057	4696.036804	0.000000	0.000000	96	42
000325	2.336896	15.148877	4696.041214	4696.041214	152483	4696.040841	4696.041586	0.000000	0.000000	96	40
000326	2.103206	15.134045	4696.041314	4696.041314	152557	4696.040978	4696.041649	0.000000	0.000000	96	46
000327	2.254789	15.023293	4696.040397	4696.040397	152054	4696.040038	4696.040757	0.000000	0.000000	96	34
000328	2.589534	15.042186	4696.042484	4696.042484	153122	4696.042071	4696.042897	0.000000	0.000000	96	38
000329	2.829539	15.079722	4696.044460	4696.044460	154150	4696.044009	4696.044911	0.000000	0.000000	96	30
000330	2.905330	15.484515	4696.057875	4696.057875	161166	4696.057412	4696.058338	0.000000	0.000000	96	54
000331	3.934828	17.714989	4696.035967	4696.035967	149594	4696.035340	4696.036595	0.000000	0.000000	96	34
000332	3.934828	15.041247	4696.044924	4696.044924	154295	4696.044297	4696.045552	0.000000	0.000000	96	16
000333	3.814825	17.876854	4696.032275	4696.032275	147662	4696.031667	4696.032883	0.000000	0.000000	96	81
000334	3.827457	16.031364	4696.044810	4696.044810	154250	4696.044200	4696.045420	0.000000	0.000000	96	54
000335	3.934828	15.784115	4696.045518	4696.045518	154600	4696.044890	4696.046145	0.000000	0.000000	96	39
000336	2.873751	15.008983	4696.043966	4696.043966	153880	4696.043508	4696.044424	0.000000	0.000000	96	27
000337	3.606399	20.519707	4696.040273	4696.040273	151735	4696.039699	4696.040848	0.000000	0.000000	96	914
000338	3.745350	15.527992	4696.054862	4696.054862	159536	4696.054265	4696.055459	0.000000	0.000000	96	46
000339	2.671641	15.064923	4696.062603	4696.062603	163665	4696.062177	4696.063028	0.000000	0.000000	96	45
000340	3.934828	15.210591	4696.046019	4696.046019	154866	4696.045392	4696.046646	0.000000	0.000000	96	29
000341	3.701138	15.175578	4696.045051	4696.045051	154384	4696.044461	4696.045641	0.000000	0.000000	96	29
000342	3.726402	15.969850	4696.045273	4696.045273	154503	4696.044679	4696.045867	0.000000	0.000000	96	66
000343	3.922196	18.230650	4696.030451	4696.030451	146697	4696.029826	4696.031076	0.000000	0.000000	96	43
000344	3.322182	16.394007	4696.061209	4696.061209	162890	4696.060679	4696.061738	0.000000	0.000000	96	62
000345	3.764298	15.009764	4696.058525	4696.058525	161440	4696.057925	4696.059125	0.000000	0.000000	96	18
000346	3.492712	15.361152	4696.055186	4696.055186	159721	4696.054629	4696.055743	0.000000	0.000000	96	35
000347	3.240075	15.016418	4696.063677	4696.063677	164177	4696.063161	4696.064194	0.000000	0.000000	96	38
000348	3.783245	15.151544	4696.046474	4696.046474	155123	4696.045871	4696.047077	0.000000	0.000000	96	23
000349	3.934828	15.403978	4696.056855	4696.056855	160553	4696.056228	4696.057482	0.000000	0.000000	96	22
000350	3.486396	17.183235	4696.057779	4696.057779	161075	4696.057223	4696.058335	0.000000	0.000000	96	71
000351	3.922196	15.462570	4696.058190	4696.058190	161261	4696.057565	4696.058815	0.000000	0.000000	96	82
000352	3.745350	15.124967	4696.058352	4696.058352	161357	4696.057755	4696.058949	0.000000	0.000000	96	32
000353	3.859037	16.203175	4696.059753	4696.059753	162082	4696.059138	4696.060368	0.000000	0.000000	96	56
000354	3.928512	15.401305	4696.046114	4696.046114	154917	4696.045487	4696.046740	0.000000	0.000000	96	21
000355	3.019017	15.948172	4696.065210	4696.065210	165005	4696.064729	4696.065691	0.000000	0.000000	96	58
000356	3.928512	15.018570	4696.045038	4696.045038	154354	4696.044412	4696.045664	0.000000	0.000000	96	24
000357	3.056913	15.027607	4696.060203	4696.060203	162381	4696.059716	4696.060691	0.000000	0.000000	96	26
000358	3.246391	15.401497	4696.060983	4696.060983	162769	4696.060466	4696.061501	0.000000	0.000000	96	55
000359	3.713770	15.749575	4696.064151	4696.064151	164380	4696.063560	4696.064743	0.000000	0.000000	96	61
000360	3.846405	16.305294	4696.065094	4696.065094	164877	4696.064481	4696.065707	0.000000	0.000000	96	67
000361	3.941144	15.377674	4696.064438	4696.064438	164530	4696.063809	4696.065066	0.000000	0.000000	96	12
000362	3.341130	15.038831	4696.060157	4696.060157	162334	4696.059625	4696.060690	0.000000	0.000000	96	19
000363	3.145336	15.408530	4696.062066	4696.062066	163359	4696.061564	4696.062567	0.000000	0.000000	96	55
000364	3.473764	15.062674	4696.057914	4696.057914	161145	4696.057361	4696.058468	0.000000	0.000000	96	16
000365	3.922196	16.570448	4696.062489	4696.062489	163494	4696.061864	4696.063114	0.000000	0.000000	96	45
000366	3.821141	15.511092	4696.059633	4696.059633	162003	4696.059024	4696.060242	0.000000	0.000000	96	47
000367	3.745350	15.853195	4696.060803	4696.060803	162640	4696.060206	4696.061400	0.000000	0.000000	96	35
000368	3.941144	16.695896	4696.060369	4696.060369	162393	4696.059741	4696.060997	0.000000	0.000000	96	48
000369	3.953776	15.400146	4696.059248	4696.059248	161805	4696.058618	4696.059878	0.000000	0.000000	96	16
000370	3.467449	15.429367	4696.060837	4696.060837	162680	4696.060285	4696.061390	0.000000	0.000000	96	25
000371	3.896932	15.531067	4696.061617	4696.061617	163055	4696.060996	4696.062238	0.000000	0.000000	96	29
000372	3.764298	15.507534	4696.059494	4696.059494	161946	4696.058894	4696.060094	0.000000	0.000000	96	41
000373	3.941144	16.054060	4696.062204	4696.062204	163341	4696.061576	4696.062832	0.000000	0.000000	96	48
000374	3.941144	15.633018	4696.063648	4696.063648	164111	4696.063020	4696.064276	0.000000	0.000000	96	47
000375	3.928512	15.434489	4696.063249	4696.063249	163903	4696.062623	4696.063875	0.000000	0.000000	96	33
000376	3.934828	15.037434	4696.063189	4696.063189	163873	4696.062562	4696.063816	0.000000	0.000000	96	15
000377	3.922196	20.796757	4704.750605	4704.750605	262136	4704.749980	4704.751230	0.000000	0.000000	113	9
000378	-3.953776	23.699028	4705.749403	4705.749403	17	4705.750033	4705.748773	0.000000	0.000000	116	2
000379	-3.953776	16.778942	4714.249403	4714.249403	17	4714.250033	4714.248773	0.000000	0.000000	133	2
000380	-3.953776	15.200101	4720.249388	4720.249388	9	4720.250018	4720.248758	0.000000	0.000000	145	2
000381	0.006316	15.385557	4720.501015	4720.501015	131603	4720.501014	4720.501016	0.000000	0.000000	145	2
000382	3.922196	15.125168	4721.750592	4721.750592	262130	4721.749967	4721.751217	0.000000	0.000000	147	14
000383	-3.953776	21.156200	4722.249394	4722.249394	12	4722.250024	4722.248764	0.000000	0.000000	149	2
000384	3.922196	23.890472	4737.750580	4737.750580	262132	4737.749955	4737.751205	0.000000	0.000000	179	31
000385	-0.170530	15.775466	4739.579224	4739.579224	172622	4739.579251	4739.579197	0.000000	0.000000	183	4
000386	0.600014	191.180801	4739.579473	4739.579473	172684	4739.579377	4739.579568	0.000000	0.000000	183	50
