# -------------------------- o --------------------------
# File ID: /mnt/buf0/ASP/2025-07-05-04:50:14/fil_60861_17506_48543518_JPLH_ATLAS_0001/LoB.C0736/fil_60861_17506_48543518_JPLH_ATLAS_0001-beam0000.fbh5
# -------------------------- o --------------------------
# Source:JPLH_ATLAS
# MJD: 60861.20261574074	RA: 17h59m02.873ss	DEC:-18d38m24.50s
# DELTAT: 16.777216	DELTAF(Hz):  1.907349 max_drift_rate: 3.991671	obs_length: 318.767104
# --------------------------
# Top_Hit_#	Drift_Rate	SNR	Uncorrected_Frequency	Corrected_Frequency	Index	freq_start	freq_end	SEFD_freq	Coarse_Channel_Number	Full_number_of_hits
# --------------------------
000001	3.922196	17.495647	4557.250599	4557.250599	262131	4557.249974	4557.251225	0.000000	0.000000	10	15
000002	3.922196	16.662567	4557.750588	4557.750588	262127	4557.749963	4557.751213	0.000000	0.000000	11	16
000003	3.922196	18.610415	4558.250588	4558.250588	262128	4558.249963	4558.251213	0.000000	0.000000	12	22
000004	0.050527	19.381866	4562.510948	4562.510948	136806	4562.510940	4562.510956	0.000000	0.000000	21	7
000005	0.227374	24.276056	4562.508088	4562.508088	135293	4562.508052	4562.508124	0.000000	0.000000	21	7
000006	0.189478	21.749762	4562.491755	4562.491755	126733	4562.491725	4562.491785	0.000000	0.000000	21	4
000007	0.530539	15.623840	4562.582765	4562.582765	174422	4562.582681	4562.582850	0.000000	0.000000	21	13
000008	0.808440	17.030111	4562.582729	4562.582729	174377	4562.582601	4562.582858	0.000000	0.000000	21	15
000009	0.517907	21.282320	4562.608793	4562.608793	188068	4562.608710	4562.608875	0.000000	0.000000	21	22
000010	-0.296849	30.891617	4562.491769	4562.491769	126782	4562.491817	4562.491722	0.000000	0.000000	21	8
000011	0.037896	19.357021	4562.582820	4562.582820	174490	4562.582814	4562.582826	0.000000	0.000000	21	20
000012	-1.187396	15.649199	4562.543162	4562.543162	153798	4562.543351	4562.542973	0.000000	0.000000	21	18
000013	2.349528	15.009184	4562.543106	4562.543106	153474	4562.542731	4562.543480	0.000000	0.000000	21	21
000014	2.690588	16.200598	4562.543368	4562.543368	153586	4562.542939	4562.543797	0.000000	0.000000	21	14
000015	0.075791	49.540081	4562.564657	4562.564657	164964	4562.564645	4562.564669	0.000000	0.000000	21	17
000016	-0.410536	25.844568	4562.608799	4562.608799	188145	4562.608865	4562.608734	0.000000	0.000000	21	30
000017	2.930594	15.164111	4562.543355	4562.543355	153558	4562.542888	4562.543822	0.000000	0.000000	21	24
000018	0.227374	155.451141	4562.544251	4562.544251	154254	4562.544215	4562.544288	0.000000	0.000000	21	11
000019	0.031580	101.232796	4562.543040	4562.543040	153636	4562.543035	4562.543045	0.000000	0.000000	21	12
000020	3.922196	16.300322	4565.250596	4565.250596	262131	4565.249970	4565.251221	0.000000	0.000000	26	14
000021	0.448431	15.639856	4566.340700	4566.340700	47515	4566.340629	4566.340772	0.000000	0.000000	29	6
000022	3.922196	17.251871	4572.250607	4572.250607	262136	4572.249982	4572.251232	0.000000	0.000000	40	8
000023	-3.953776	20.409716	4575.749382	4575.749382	6	4575.750012	4575.748752	0.000000	0.000000	48	2
000024	-3.953776	19.053617	4576.249392	4576.249392	11	4576.250022	4576.248762	0.000000	0.000000	49	2
000025	-3.953776	19.167604	4581.749388	4581.749388	9	4581.750018	4581.748758	0.000000	0.000000	60	2
000026	-1.869517	15.680346	4581.749735	4581.749735	17	4581.750033	4581.749437	0.000000	0.000000	60	14
000027	-3.953776	17.090286	4582.249396	4582.249396	13	4582.250026	4582.248765	0.000000	0.000000	61	2
000028	-1.528456	15.413434	4585.749784	4585.749784	13	4585.750028	4585.749540	0.000000	0.000000	68	6
000029	3.922196	15.229151	4587.250544	4587.250544	262101	4587.249919	4587.251169	0.000000	0.000000	70	16
000030	-3.953776	17.170139	4595.749382	4595.749382	6	4595.750012	4595.748752	0.000000	0.000000	88	2
000031	3.922196	16.442312	4596.250569	4596.250569	262124	4596.249944	4596.251194	0.000000	0.000000	88	32
000032	3.922196	24.166025	4598.250588	4598.250588	262133	4598.249963	4598.251213	0.000000	0.000000	92	27
000033	3.922196	16.670292	4601.250592	4601.250592	262137	4601.249967	4601.251217	0.000000	0.000000	98	24
000034	3.922196	17.382706	4608.750580	4608.750580	262132	4608.749955	4608.751205	0.000000	0.000000	113	36
000035	3.922196	15.769879	4609.250594	4609.250594	262136	4609.249969	4609.251219	0.000000	0.000000	114	21
000036	3.922196	17.077044	4610.750584	4610.750584	262132	4610.749959	4610.751209	0.000000	0.000000	117	28
000037	-3.953776	16.135927	4613.249399	4613.249399	15	4613.250030	4613.248769	0.000000	0.000000	123	2
000038	0.221058	22.929764	4625.008200	4625.008200	135352	4625.008164	4625.008235	0.000000	0.000000	146	6
000039	0.997918	15.070686	4625.010998	4625.010998	136754	4625.010839	4625.011157	0.000000	0.000000	146	14
000040	1.193712	15.286636	4625.010975	4625.010975	136726	4625.010785	4625.011166	0.000000	0.000000	146	19
000041	0.246321	68.458847	4625.044859	4625.044859	154570	4625.044820	4625.044898	0.000000	0.000000	146	10
000042	0.018948	58.641636	4625.043629	4625.043629	153943	4625.043626	4625.043632	0.000000	0.000000	146	10
000043	0.094739	98.583389	4625.011098	4625.011098	136883	4625.011083	4625.011113	0.000000	0.000000	146	14
000044	3.922196	18.708067	4626.750599	4626.750599	262133	4626.749974	4626.751225	0.000000	0.000000	149	11
000045	-3.953776	15.782114	4628.749409	4628.749409	20	4628.750039	4628.748779	0.000000	0.000000	154	2
000046	-2.096891	15.892323	4628.749705	4628.749705	20	4628.750039	4628.749371	0.000000	0.000000	154	12
000047	-0.006316	19.237738	4633.272070	4633.272070	11571	4633.272071	4633.272069	0.000000	0.000000	163	4
000048	-0.012632	24.613180	4633.259232	4633.259232	4841	4633.259234	4633.259230	0.000000	0.000000	163	5
000049	-0.012632	30.268785	4633.275279	4633.275279	13254	4633.275281	4633.275277	0.000000	0.000000	163	4
000050	-0.025264	25.324394	4633.396569	4633.396569	76847	4633.396573	4633.396565	0.000000	0.000000	163	5
000051	-0.025264	16.648346	4633.447921	4633.447921	103769	4633.447925	4633.447917	0.000000	0.000000	163	3
000052	-0.012632	19.102373	4633.496062	4633.496062	129008	4633.496064	4633.496060	0.000000	0.000000	163	2
000053	-0.006316	15.456440	4633.473597	4633.473597	117229	4633.473598	4633.473596	0.000000	0.000000	163	2
000054	-0.012632	30.358843	4633.502482	4633.502482	132373	4633.502484	4633.502480	0.000000	0.000000	163	5
000055	-0.012632	22.871389	4633.601973	4633.601973	184535	4633.601975	4633.601971	0.000000	0.000000	163	4
000056	-0.012632	32.356117	4633.531365	4633.531365	147517	4633.531367	4633.531363	0.000000	0.000000	163	5
000057	-0.012632	31.981005	4633.630856	4633.630856	199679	4633.630858	4633.630854	0.000000	0.000000	163	5
000058	-0.012632	23.189123	4633.595553	4633.595553	181170	4633.595555	4633.595551	0.000000	0.000000	163	4
000059	-0.006316	24.463156	4633.582716	4633.582716	174439	4633.582717	4633.582715	0.000000	0.000000	163	5
000060	-0.012632	22.799707	4633.659741	4633.659741	214823	4633.659743	4633.659739	0.000000	0.000000	163	4
000061	-0.025264	20.530474	4633.730346	4633.730346	251842	4633.730350	4633.730341	0.000000	0.000000	163	3
000062	-0.012632	16.125809	4633.739976	4633.739976	256889	4633.739978	4633.739974	0.000000	0.000000	163	3
000063	-0.012632	26.500689	4633.711093	4633.711093	241745	4633.711095	4633.711091	0.000000	0.000000	163	6
000064	-0.012632	37.073700	4633.746394	4633.746394	260254	4633.746396	4633.746392	0.000000	0.000000	163	7
000065	-0.012632	38.285545	4633.656533	4633.656533	213140	4633.656535	4633.656531	0.000000	0.000000	163	6
000066	-0.012632	37.740536	4633.698254	4633.698254	235015	4633.698256	4633.698252	0.000000	0.000000	163	6
000067	-0.012632	39.748024	4633.749604	4633.749604	261937	4633.749606	4633.749602	0.000000	0.000000	163	6
000068	-0.006316	36.670017	4633.736769	4633.736769	255206	4633.736770	4633.736768	0.000000	0.000000	163	6
000069	-0.012632	48.983189	4633.720721	4633.720721	246793	4633.720723	4633.720719	0.000000	0.000000	163	7
000070	0.328429	15.009699	4633.672626	4633.672626	221550	4633.672574	4633.672679	0.000000	0.000000	163	6
000071	0.366324	15.333391	4633.720774	4633.720774	246790	4633.720716	4633.720832	0.000000	0.000000	163	6
000072	-0.012632	70.775085	4633.695044	4633.695044	233332	4633.695046	4633.695042	0.000000	0.000000	163	9
000073	-0.012632	92.872284	4633.605180	4633.605180	186218	4633.605182	4633.605178	0.000000	0.000000	163	9
000074	3.922196	19.737499	4633.750596	4633.750596	262129	4633.749970	4633.751221	0.000000	0.000000	163	19
000075	-3.903248	21.929344	4633.749713	4633.749713	147	4633.750335	4633.749091	0.000000	0.000000	164	73
000076	-0.012632	15.771169	4633.784907	4633.784907	18302	4633.784909	4633.784905	0.000000	0.000000	164	3
000077	-0.025264	16.323492	4633.801617	4633.801617	27065	4633.801621	4633.801613	0.000000	0.000000	164	3
000078	-0.012632	18.564753	4633.782363	4633.782363	16968	4633.782365	4633.782361	0.000000	0.000000	164	3
000079	-0.006316	16.408728	4633.763107	4633.763107	6872	4633.763108	4633.763106	0.000000	0.000000	164	4
000080	-0.006316	15.033318	4633.781696	4633.781696	16619	4633.781697	4633.781695	0.000000	0.000000	164	3
000081	-0.006316	22.824915	4633.791326	4633.791326	21667	4633.791327	4633.791325	0.000000	0.000000	164	4
000082	-0.012632	24.204178	4633.810582	4633.810582	31763	4633.810584	4633.810580	0.000000	0.000000	164	5
000083	-0.025264	19.072050	4633.858722	4633.858722	57004	4633.858726	4633.858717	0.000000	0.000000	164	3
000084	-0.012632	36.417088	4633.759232	4633.759232	4841	4633.759234	4633.759230	0.000000	0.000000	164	5
000085	-0.012632	26.065928	4633.865142	4633.865142	60368	4633.865144	4633.865140	0.000000	0.000000	164	5
000086	-0.012632	39.607578	4633.766316	4633.766316	8555	4633.766318	4633.766314	0.000000	0.000000	164	5
000087	-0.025264	16.514877	4633.993518	4633.993518	127675	4633.993522	4633.993514	0.000000	0.000000	164	4
000088	-0.012632	16.948812	4634.012774	4634.012774	137770	4634.012776	4634.012772	0.000000	0.000000	164	2
000089	-0.012632	34.533550	4633.922912	4633.922912	90656	4633.922914	4633.922910	0.000000	0.000000	164	5
000090	-0.012632	38.958641	4633.775945	4633.775945	13603	4633.775947	4633.775943	0.000000	0.000000	164	7
000091	-0.012632	39.865932	4633.913283	4633.913283	85608	4633.913285	4633.913281	0.000000	0.000000	164	7
000092	-0.385272	15.272978	4633.871508	4633.871508	63737	4633.871570	4633.871447	0.000000	0.000000	164	6
000093	-0.025264	15.620684	4634.048075	4634.048075	156280	4634.048079	4634.048071	0.000000	0.000000	164	3
000094	-0.006316	16.844896	4634.073753	4634.073753	169740	4634.073754	4634.073752	0.000000	0.000000	164	4
000095	-0.012632	43.872303	4633.903657	4633.903657	80560	4633.903659	4633.903655	0.000000	0.000000	164	6
000096	-0.012632	19.792494	4634.093009	4634.093009	179836	4634.093011	4634.093007	0.000000	0.000000	164	3
000097	0.423168	15.064807	4633.772131	4633.772131	11567	4633.772063	4633.772198	0.000000	0.000000	164	6
000098	-0.012632	69.462654	4633.839467	4633.839467	46907	4633.839469	4633.839465	0.000000	0.000000	164	9
000099	1.016866	16.435389	4634.028813	4634.028813	146093	4634.028651	4634.028975	0.000000	0.000000	164	17
000100	-0.006316	24.770441	4634.064125	4634.064125	164692	4634.064126	4634.064124	0.000000	0.000000	164	4
000101	-0.012632	18.924500	4634.131522	4634.131522	200028	4634.131524	4634.131520	0.000000	0.000000	164	4
000102	-0.006316	48.191547	4633.836260	4633.836260	45224	4633.836261	4633.836259	0.000000	0.000000	164	6
000103	-0.006316	22.950085	4634.109056	4634.109056	188249	4634.109057	4634.109055	0.000000	0.000000	164	4
000104	-0.012632	22.655535	4634.157197	4634.157197	213489	4634.157199	4634.157195	0.000000	0.000000	164	3
000105	-0.025264	15.787560	4634.166823	4634.166823	218538	4634.166827	4634.166819	0.000000	0.000000	164	3
000106	-0.322113	15.189273	4634.070499	4634.070499	168061	4634.070550	4634.070447	0.000000	0.000000	164	7
000107	-0.012632	41.521461	4633.983889	4633.983889	122626	4633.983891	4633.983887	0.000000	0.000000	164	5
000108	-0.012632	36.307655	4634.009566	4634.009566	136087	4634.009568	4634.009564	0.000000	0.000000	164	6
000109	-0.012632	41.494282	4633.948586	4633.948586	104117	4633.948588	4633.948584	0.000000	0.000000	164	7
000110	-0.012632	39.277111	4633.874772	4633.874772	65416	4633.874774	4633.874770	0.000000	0.000000	164	6
000111	-0.012632	59.088779	4633.794536	4633.794536	23350	4633.794538	4633.794534	0.000000	0.000000	164	9
000112	-0.012632	69.984390	4633.775281	4633.775281	13254	4633.775283	4633.775279	0.000000	0.000000	164	8
000113	-0.025264	16.054277	4634.220717	4634.220717	246794	4634.220721	4634.220713	0.000000	0.000000	164	3
000114	-0.006316	16.278191	4634.218176	4634.218176	245459	4634.218177	4634.218175	0.000000	0.000000	164	4
000115	-0.012632	27.576963	4634.205338	4634.205338	238729	4634.205340	4634.205336	0.000000	0.000000	164	4
000116	-0.006316	21.984377	4634.182873	4634.182873	226950	4634.182874	4634.182872	0.000000	0.000000	164	5
000117	1.301083	15.016443	4633.929516	4633.929516	94009	4633.929309	4633.929724	0.000000	0.000000	164	21
000118	-0.012632	33.103573	4634.223931	4634.223931	248476	4634.223933	4634.223929	0.000000	0.000000	164	6
000119	-0.006316	34.268211	4634.246395	4634.246395	260254	4634.246396	4634.246394	0.000000	0.000000	164	7
000120	-0.391588	16.066681	4634.125049	4634.125049	196666	4634.125112	4634.124987	0.000000	0.000000	164	4
000121	-0.012632	72.990211	4633.849095	4633.849095	51955	4633.849097	4633.849093	0.000000	0.000000	164	7
000122	-0.012632	39.728722	4634.221387	4634.221387	247142	4634.221389	4634.221385	0.000000	0.000000	164	6
000123	-0.012632	40.233524	4634.211759	4634.211759	242094	4634.211761	4634.211756	0.000000	0.000000	164	6
000124	-2.576902	16.373032	4634.057373	4634.057373	161368	4634.057784	4634.056963	0.000000	0.000000	164	20
000125	-0.012632	35.538078	4634.237433	4634.237433	255555	4634.237435	4634.237431	0.000000	0.000000	164	6
000126	0.480011	15.819278	4633.881259	4633.881259	68777	4633.881183	4633.881336	0.000000	0.000000	164	8
000127	-2.911646	15.022484	4634.034863	4634.034863	149598	4634.035327	4634.034399	0.000000	0.000000	164	20
000128	0.315797	16.599495	4633.987144	4633.987144	124305	4633.987094	4633.987195	0.000000	0.000000	164	7
000129	-2.791643	15.362878	4634.147211	4634.147211	208489	4634.147656	4634.146767	0.000000	0.000000	164	20
000130	-0.006316	75.737083	4633.800955	4633.800955	26715	4633.800956	4633.800954	0.000000	0.000000	164	9
000131	-0.012632	47.790161	4634.137942	4634.137942	203393	4634.137944	4634.137940	0.000000	0.000000	164	7
000132	-0.006316	66.729172	4634.019194	4634.019194	141135	4634.019195	4634.019193	0.000000	0.000000	164	8
000133	-0.385272	15.056686	4634.198865	4634.198865	235367	4634.198926	4634.198803	0.000000	0.000000	164	5
000134	-0.012632	36.861427	4634.249606	4634.249606	261937	4634.249608	4634.249604	0.000000	0.000000	164	6
000135	-2.469531	15.823104	4634.176138	4634.176138	223626	4634.176532	4634.175745	0.000000	0.000000	164	19
000136	-0.012632	89.024490	4633.820210	4633.820210	36811	4633.820212	4633.820208	0.000000	0.000000	164	9
000137	-0.012632	61.223175	4634.121894	4634.121894	194980	4634.121896	4634.121892	0.000000	0.000000	164	7
000138	1.029497	15.837625	4633.849242	4633.849242	51945	4633.849078	4633.849406	0.000000	0.000000	164	16
000139	-0.006316	51.538651	4634.227804	4634.227804	250507	4634.227805	4634.227803	0.000000	0.000000	164	8
000140	-0.006316	64.851692	4634.118685	4634.118685	193297	4634.118686	4634.118684	0.000000	0.000000	164	8
000141	2.962174	15.120665	4633.852728	4633.852728	53611	4633.852256	4633.853200	0.000000	0.000000	164	19
000142	-0.006316	97.070061	4633.955006	4633.955006	107482	4633.955007	4633.955005	0.000000	0.000000	164	9
000143	-0.012632	65.222786	4634.112267	4634.112267	189932	4634.112269	4634.112265	0.000000	0.000000	164	8
000144	-0.012632	53.766468	4634.173243	4634.173243	221902	4634.173245	4634.173241	0.000000	0.000000	164	9
000145	-0.012632	88.590813	4634.032031	4634.032031	147866	4634.032033	4634.032029	0.000000	0.000000	164	10
000146	-0.012632	91.310387	4633.929330	4633.929330	94021	4633.929332	4633.929328	0.000000	0.000000	164	9
000147	-1.332662	15.154368	4634.083206	4634.083206	174809	4634.083419	4634.082994	0.000000	0.000000	164	16
000148	3.006385	16.488071	4634.035665	4634.035665	149522	4634.035186	4634.036144	0.000000	0.000000	164	28
000149	-0.006316	112.273605	4633.900446	4633.900446	78877	4633.900447	4633.900445	0.000000	0.000000	164	9
000150	3.454817	15.478413	4634.035723	4634.035723	149518	4634.035172	4634.036274	0.000000	0.000000	164	35
000151	-0.012632	101.476494	4634.003146	4634.003146	132722	4634.003148	4634.003144	0.000000	0.000000	164	9
000152	-0.012632	134.812347	4633.958215	4633.958215	109165	4633.958217	4633.958213	0.000000	0.000000	164	10
000153	-0.012632	156.966568	4634.028821	4634.028821	146183	4634.028823	4634.028819	0.000000	0.000000	164	9
000154	-0.012632	90.938301	4634.192500	4634.192500	231998	4634.192502	4634.192498	0.000000	0.000000	164	9
000155	-0.012632	135.542572	4634.057706	4634.057706	161327	4634.057708	4634.057704	0.000000	0.000000	164	10
000156	3.922196	15.835169	4634.250592	4634.250592	262130	4634.249967	4634.251217	0.000000	0.000000	164	24
000157	-0.012632	98.410469	4634.083381	4634.083381	174788	4634.083383	4634.083379	0.000000	0.000000	164	9
000158	-0.006316	134.884033	4634.163616	4634.163616	216854	4634.163617	4634.163615	0.000000	0.000000	164	9
000159	-0.012632	131.625443	4634.147569	4634.147569	208441	4634.147571	4634.147567	0.000000	0.000000	164	9
000160	-0.012632	135.187790	4634.176453	4634.176453	223585	4634.176455	4634.176451	0.000000	0.000000	164	10
000161	3.176916	15.755656	4634.176897	4634.176897	223556	4634.176391	4634.177403	0.000000	0.000000	164	30
000162	-0.012632	17.104198	4634.336923	4634.336923	45573	4634.336925	4634.336921	0.000000	0.000000	165	3
000163	-0.012632	18.850523	4634.256688	4634.256688	3507	4634.256690	4634.256686	0.000000	0.000000	165	3
000164	-0.006316	22.385094	4634.272736	4634.272736	11920	4634.272737	4634.272735	0.000000	0.000000	165	4
000165	-0.006316	26.299067	4634.263107	4634.263107	6872	4634.263108	4634.263106	0.000000	0.000000	165	5
000166	-0.012632	24.718830	4634.263772	4634.263772	7221	4634.263774	4634.263770	0.000000	0.000000	165	3
000167	-0.006316	44.324833	4634.254145	4634.254145	2173	4634.254146	4634.254144	0.000000	0.000000	165	7
000168	-0.012632	27.133665	4634.283028	4634.283028	17317	4634.283031	4634.283026	0.000000	0.000000	165	4
000169	-0.012632	26.059269	4634.346551	4634.346551	50621	4634.346553	4634.346549	0.000000	0.000000	165	5
000170	-0.012632	24.230818	4634.365807	4634.365807	60717	4634.365809	4634.365805	0.000000	0.000000	165	4
000171	-3.934828	15.172857	4634.483957	4634.483957	122994	4634.484584	4634.483330	0.000000	0.000000	165	29
000172	-3.271655	20.692213	4634.249806	4634.249806	146	4634.250327	4634.249284	0.000000	0.000000	165	62
000173	0.233690	15.355741	4634.254177	4634.254177	2170	4634.254140	4634.254214	0.000000	0.000000	165	3
000174	-0.012632	16.687916	4634.449252	4634.449252	104466	4634.449254	4634.449250	0.000000	0.000000	165	4
000175	-0.012632	49.074463	4634.446044	4634.446044	102783	4634.446046	4634.446042	0.000000	0.000000	165	8
000176	-0.012632	25.742685	4634.503812	4634.503812	133071	4634.503814	4634.503810	0.000000	0.000000	165	4
000177	-0.012632	28.020350	4634.494183	4634.494183	128023	4634.494185	4634.494181	0.000000	0.000000	165	5
000178	-0.006316	36.295856	4634.426788	4634.426788	92687	4634.426789	4634.426787	0.000000	0.000000	165	6
000179	-3.454817	15.339719	4634.458345	4634.458345	109521	4634.458896	4634.457794	0.000000	0.000000	165	19
000180	-0.006316	43.831429	4634.327297	4634.327297	40525	4634.327298	4634.327296	0.000000	0.000000	165	6
000181	-0.012632	30.204573	4634.465299	4634.465299	112879	4634.465301	4634.465297	0.000000	0.000000	165	4
000182	-0.012632	34.311531	4634.420369	4634.420369	89322	4634.420371	4634.420367	0.000000	0.000000	165	6
000183	0.953706	15.449274	4634.359526	4634.359526	57343	4634.359374	4634.359678	0.000000	0.000000	165	16
000184	-0.012632	51.111301	4634.282365	4634.282365	16968	4634.282367	4634.282363	0.000000	0.000000	165	7
000185	1.458981	15.388142	4634.564772	4634.564772	164912	4634.564540	4634.565005	0.000000	0.000000	165	9
000186	-0.012632	44.415943	4634.257354	4634.257354	3856	4634.257356	4634.257352	0.000000	0.000000	165	7
000187	-0.006316	20.251009	4634.609722	4634.609722	188598	4634.609723	4634.609721	0.000000	0.000000	165	4
000188	-0.012632	47.198551	4634.429995	4634.429995	94370	4634.429997	4634.429993	0.000000	0.000000	165	7
000189	-0.012632	24.120710	4634.638606	4634.638606	203742	4634.638608	4634.638604	0.000000	0.000000	165	4
000190	-0.006316	33.435940	4634.555162	4634.555162	159993	4634.555163	4634.555161	0.000000	0.000000	165	5
000191	-0.012632	45.075340	4634.600095	4634.600095	183550	4634.600097	4634.600093	0.000000	0.000000	165	7
000192	-0.012632	71.066399	4634.356179	4634.356179	55669	4634.356181	4634.356177	0.000000	0.000000	165	9
000193	-0.012632	51.743710	4634.291991	4634.291991	22016	4634.291993	4634.291989	0.000000	0.000000	165	7
000194	-0.006316	44.734985	4634.545534	4634.545534	154945	4634.545535	4634.545533	0.000000	0.000000	165	6
000195	-0.006316	21.900227	4634.737432	4634.737432	255555	4634.737433	4634.737431	0.000000	0.000000	165	4
000196	-0.012632	23.550171	4634.727805	4634.727805	250507	4634.727807	4634.727803	0.000000	0.000000	165	6
000197	-0.006316	18.398659	4634.744516	4634.744516	259269	4634.744517	4634.744515	0.000000	0.000000	165	4
000198	2.191630	15.057036	4634.305143	4634.305143	28727	4634.304793	4634.305492	0.000000	0.000000	165	34
000199	0.530539	16.988703	4634.693180	4634.693180	232309	4634.693095	4634.693264	0.000000	0.000000	165	9
000200	0.852651	15.359568	4634.677139	4634.677139	223873	4634.677003	4634.677275	0.000000	0.000000	165	13
000201	-0.012632	69.510757	4634.266316	4634.266316	8555	4634.266318	4634.266314	0.000000	0.000000	165	9
000202	-0.012632	76.828430	4634.320876	4634.320876	37160	4634.320878	4634.320874	0.000000	0.000000	165	9
000203	-0.012632	79.959831	4634.330504	4634.330504	42208	4634.330506	4634.330502	0.000000	0.000000	165	9
000204	-0.012632	33.391060	4634.699584	4634.699584	235712	4634.699586	4634.699582	0.000000	0.000000	165	5
000205	-1.471613	15.345684	4634.532489	4634.532489	148238	4634.532723	4634.532254	0.000000	0.000000	165	29
000206	1.187396	15.518212	4634.645194	4634.645194	207096	4634.645005	4634.645384	0.000000	0.000000	165	19
000207	-0.012632	84.045670	4634.385064	4634.385064	70813	4634.385066	4634.385062	0.000000	0.000000	165	10
000208	-1.181080	16.127815	4634.455503	4634.455503	107841	4634.455691	4634.455315	0.000000	0.000000	165	20
000209	-0.012632	45.017067	4634.747725	4634.747725	260952	4634.747727	4634.747723	0.000000	0.000000	165	7
000210	-0.012632	58.961842	4634.474927	4634.474927	117927	4634.474929	4634.474925	0.000000	0.000000	165	8
000211	-0.006316	73.131546	4634.436415	4634.436415	97735	4634.436416	4634.436414	0.000000	0.000000	165	9
000212	-0.012632	58.153706	4634.574420	4634.574420	170089	4634.574422	4634.574418	0.000000	0.000000	165	6
000213	-1.086341	15.692830	4634.612779	4634.612779	190297	4634.612952	4634.612606	0.000000	0.000000	165	22
000214	-0.012632	91.337654	4634.301619	4634.301619	27064	4634.301621	4634.301617	0.000000	0.000000	165	9
000215	-0.012632	48.874584	4634.718842	4634.718842	245808	4634.718844	4634.718840	0.000000	0.000000	165	8
000216	-1.983204	15.036352	4634.676822	4634.676822	223938	4634.677138	4634.676506	0.000000	0.000000	165	22
000217	0.341061	15.324867	4634.747774	4634.747774	260948	4634.747720	4634.747828	0.000000	0.000000	165	5
000218	1.642143	15.259594	4634.629207	4634.629207	198680	4634.628945	4634.629469	0.000000	0.000000	165	21
000219	-0.978970	15.189331	4634.410697	4634.410697	84333	4634.410853	4634.410541	0.000000	0.000000	165	15
000220	3.499028	15.066116	4634.488127	4634.488127	124564	4634.487569	4634.488684	0.000000	0.000000	165	25
000221	-1.572668	15.057842	4634.628763	4634.628763	198719	4634.629014	4634.628513	0.000000	0.000000	165	23
000222	-0.012632	85.085442	4634.500602	4634.500602	131388	4634.500604	4634.500600	0.000000	0.000000	165	9
000223	-0.012632	82.700058	4634.593675	4634.593675	180185	4634.593677	4634.593673	0.000000	0.000000	165	9
000224	-0.012632	90.967407	4634.510230	4634.510230	136436	4634.510232	4634.510228	0.000000	0.000000	165	9
000225	-0.012632	70.605621	4634.619349	4634.619349	193646	4634.619351	4634.619347	0.000000	0.000000	165	9
000226	-0.025264	98.356789	4634.275944	4634.275944	13604	4634.275949	4634.275940	0.000000	0.000000	165	10
000227	-0.012632	86.543259	4634.455670	4634.455670	107831	4634.455672	4634.455668	0.000000	0.000000	165	9
000228	-0.012632	57.401058	4634.702794	4634.702794	237395	4634.702796	4634.702792	0.000000	0.000000	165	8
000229	2.507426	15.301075	4634.658224	4634.658224	213815	4634.657825	4634.658624	0.000000	0.000000	165	37
000230	-0.006316	141.978607	4634.381855	4634.381855	69130	4634.381856	4634.381854	0.000000	0.000000	165	10
000231	-0.012632	151.250565	4634.410739	4634.410739	84274	4634.410741	4634.410737	0.000000	0.000000	165	10
000232	-0.006316	75.398605	4634.654653	4634.654653	212155	4634.654655	4634.654652	0.000000	0.000000	165	8
000233	-0.012632	73.072838	4634.603303	4634.603303	185233	4634.603305	4634.603301	0.000000	0.000000	165	8
000234	-0.012632	85.254593	4634.612931	4634.612931	190281	4634.612933	4634.612929	0.000000	0.000000	165	10
000235	-0.006316	91.374504	4634.490974	4634.490974	126340	4634.490975	4634.490973	0.000000	0.000000	165	9
000236	-0.006316	61.062256	4634.734890	4634.734890	254221	4634.734891	4634.734889	0.000000	0.000000	165	6
000237	1.162132	15.312546	4634.632352	4634.632352	200366	4634.632167	4634.632537	0.000000	0.000000	165	19
000238	-0.012632	117.904266	4634.539115	4634.539115	151580	4634.539117	4634.539113	0.000000	0.000000	165	9
000239	-0.006316	131.851868	4634.535906	4634.535906	149897	4634.535907	4634.535905	0.000000	0.000000	165	10
000240	-0.012632	71.628860	4634.728469	4634.728469	250856	4634.728471	4634.728467	0.000000	0.000000	165	9
000241	-0.012632	98.157410	4634.519858	4634.519858	141484	4634.519860	4634.519856	0.000000	0.000000	165	9
000242	-0.006316	113.706467	4634.590465	4634.590465	178502	4634.590466	4634.590464	0.000000	0.000000	165	9
000243	1.471613	15.007804	4634.577842	4634.577842	171758	4634.577607	4634.578076	0.000000	0.000000	165	20
000244	-0.006316	73.183876	4634.645025	4634.645025	207107	4634.645026	4634.645024	0.000000	0.000000	165	9
000245	3.006385	15.838140	4634.706428	4634.706428	239051	4634.705949	4634.706907	0.000000	0.000000	165	25
000246	-0.012632	69.591240	4634.673909	4634.673909	222251	4634.673911	4634.673907	0.000000	0.000000	165	9
000247	-0.012632	165.108612	4634.484555	4634.484555	122975	4634.484557	4634.484553	0.000000	0.000000	165	10
000248	-0.012632	80.151527	4634.683537	4634.683537	227299	4634.683539	4634.683535	0.000000	0.000000	165	9
000249	1.749514	15.756629	4634.577880	4634.577880	171756	4634.577601	4634.578159	0.000000	0.000000	165	25
000250	-0.012632	83.775322	4634.628978	4634.628978	198694	4634.628980	4634.628976	0.000000	0.000000	165	9
000251	-0.012632	190.189941	4634.564790	4634.564790	165041	4634.564792	4634.564788	0.000000	0.000000	165	10
000252	0.802124	15.631860	4634.735002	4634.735002	254213	4634.734874	4634.735129	0.000000	0.000000	165	13
000253	-0.012632	121.239456	4634.693166	4634.693166	232347	4634.693168	4634.693164	0.000000	0.000000	165	9
000254	-0.012632	70.192879	4634.584046	4634.584046	175137	4634.584048	4634.584044	0.000000	0.000000	165	9
000255	3.795877	16.013775	4634.706554	4634.706554	239044	4634.705949	4634.707159	0.000000	0.000000	165	53
000256	-0.006316	87.398483	4634.709213	4634.709213	240760	4634.709214	4634.709212	0.000000	0.000000	165	9
000257	-0.012632	83.705963	4634.664281	4634.664281	217203	4634.664283	4634.664279	0.000000	0.000000	165	9
000258	2.160050	15.996842	4634.510538	4634.510538	136416	4634.510194	4634.510882	0.000000	0.000000	165	33
000259	-0.006316	99.394028	4634.689957	4634.689957	230664	4634.689958	4634.689956	0.000000	0.000000	165	9
000260	-0.006316	16.466961	4634.780485	4634.780485	15983	4634.780486	4634.780484	0.000000	0.000000	166	4
000261	-0.025264	16.254116	4634.812579	4634.812579	32811	4634.812583	4634.812575	0.000000	0.000000	166	2
000262	-0.006316	25.763687	4634.790113	4634.790113	21031	4634.790114	4634.790112	0.000000	0.000000	166	4
000263	0.385272	15.205554	4634.761285	4634.761285	5884	4634.761224	4634.761347	0.000000	0.000000	166	6
000264	-0.012632	30.633463	4634.773400	4634.773400	12269	4634.773402	4634.773398	0.000000	0.000000	166	5
000265	-0.012632	35.807346	4634.754809	4634.754809	2522	4634.754811	4634.754807	0.000000	0.000000	166	5
000266	-0.012632	47.591709	4634.754146	4634.754146	2173	4634.754148	4634.754144	0.000000	0.000000	166	7
000267	-0.006316	57.933037	4634.853636	4634.853636	54335	4634.853637	4634.853635	0.000000	0.000000	166	9
000268	-0.006316	33.154640	4634.789448	4634.789448	20682	4634.789449	4634.789447	0.000000	0.000000	166	5
000269	-0.012632	37.166389	4634.763774	4634.763774	7221	4634.763776	4634.763772	0.000000	0.000000	166	6
000270	-0.012632	40.712109	4634.901776	4634.901776	79575	4634.901778	4634.901774	0.000000	0.000000	166	6
000271	0.006316	23.241087	4635.007689	4635.007689	135102	4635.007688	4635.007690	0.000000	0.000000	166	4
000272	0.738964	15.090697	4635.049428	4635.049428	156924	4635.049310	4635.049545	0.000000	0.000000	166	9
000273	-0.012632	50.015816	4634.764439	4634.764439	7570	4634.764441	4634.764437	0.000000	0.000000	166	8
000274	-0.012632	49.326683	4634.818334	4634.818334	35826	4634.818336	4634.818332	0.000000	0.000000	166	6
000275	-0.303165	16.803457	4634.866433	4634.866433	61069	4634.866481	4634.866384	0.000000	0.000000	166	6
000276	-0.012632	75.101097	4634.892148	4634.892148	74527	4634.892150	4634.892146	0.000000	0.000000	166	9
000277	-0.012632	28.531752	4635.065455	4635.065455	165390	4635.065457	4635.065453	0.000000	0.000000	166	5
000278	-0.012632	59.886272	4634.811913	4634.811913	32461	4634.811915	4634.811911	0.000000	0.000000	166	8
000279	0.644225	15.380865	4635.049430	4635.049430	156931	4635.049327	4635.049532	0.000000	0.000000	166	8
000280	-0.252637	15.170883	4635.014069	4635.014069	138469	4635.014110	4635.014029	0.000000	0.000000	166	3
000281	0.663173	15.780110	4634.818426	4634.818426	35819	4634.818320	4634.818532	0.000000	0.000000	166	11
000282	-0.012632	62.918041	4634.827960	4634.827960	40874	4634.827962	4634.827958	0.000000	0.000000	166	9
000283	-0.012632	57.001606	4634.946708	4634.946708	103132	4634.946710	4634.946706	0.000000	0.000000	166	9
000284	-0.012632	39.258263	4635.036572	4635.036572	150246	4635.036574	4635.036570	0.000000	0.000000	166	6
000285	-0.006316	48.411854	4635.062248	4635.062248	163707	4635.062249	4635.062247	0.000000	0.000000	166	6
000286	-0.012632	57.168625	4635.046199	4635.046199	155294	4635.046201	4635.046197	0.000000	0.000000	166	8
000287	-0.360008	15.365478	4635.087870	4635.087870	177172	4635.087928	4635.087813	0.000000	0.000000	166	5
000288	-0.012632	37.548504	4635.139272	4635.139272	204091	4635.139274	4635.139270	0.000000	0.000000	166	6
000289	-0.006316	15.521615	4635.244516	4635.244516	259269	4635.244517	4635.244515	0.000000	0.000000	166	3
000290	-0.006316	45.817207	4634.988432	4634.988432	125006	4634.988433	4634.988431	0.000000	0.000000	166	6
000291	-0.012632	37.220718	4635.010896	4635.010896	136785	4635.010898	4635.010894	0.000000	0.000000	166	6
000292	0.252637	15.150243	4635.036607	4635.036607	150243	4635.036567	4635.036647	0.000000	0.000000	166	4
000293	-0.012632	24.234001	4635.229134	4635.229134	251205	4635.229136	4635.229132	0.000000	0.000000	166	4
000294	-0.006316	24.503920	4635.209213	4635.209213	240760	4635.209214	4635.209212	0.000000	0.000000	166	4
000295	-0.012632	44.020439	4634.937079	4634.937079	98084	4634.937081	4634.937077	0.000000	0.000000	166	8
000296	-0.006316	56.097309	4634.872892	4634.872892	64431	4634.872893	4634.872891	0.000000	0.000000	166	8
000297	-0.006316	62.556530	4634.898567	4634.898567	77892	4634.898568	4634.898566	0.000000	0.000000	166	9
000298	-0.006316	63.708855	4634.799076	4634.799076	25730	4634.799077	4634.799075	0.000000	0.000000	166	7
000299	-0.012632	55.802219	4634.975593	4634.975593	118276	4634.975595	4634.975590	0.000000	0.000000	166	6
000300	-1.206344	15.854008	4634.840631	4634.840631	47622	4634.840823	4634.840439	0.000000	0.000000	166	19
000301	-0.012632	53.644920	4635.026944	4635.026944	145198	4635.026946	4635.026942	0.000000	0.000000	166	7
000302	-0.012632	33.016083	4635.228471	4635.228471	250856	4635.228473	4635.228469	0.000000	0.000000	166	6
000303	-0.012632	71.962456	4634.856845	4634.856845	56018	4634.856847	4634.856843	0.000000	0.000000	166	9
000304	-0.012632	43.450581	4635.100760	4635.100760	183899	4635.100762	4635.100758	0.000000	0.000000	166	6
000305	2.570586	15.404082	4634.783404	4634.783404	17293	4634.782994	4634.783814	0.000000	0.000000	166	34
000306	-0.006316	34.729637	4635.234888	4635.234888	254221	4635.234889	4635.234887	0.000000	0.000000	166	5
000307	0.404220	15.213144	4634.988486	4634.988486	125002	4634.988421	4634.988550	0.000000	0.000000	166	7
000308	-0.012632	39.556000	4635.209878	4635.209878	241109	4635.209880	4635.209876	0.000000	0.000000	166	7
000309	-0.012632	32.985397	4635.219506	4635.219506	246157	4635.219508	4635.219504	0.000000	0.000000	166	4
000310	0.467379	16.097034	4635.039847	4635.039847	151924	4635.039773	4635.039922	0.000000	0.000000	166	7
000311	-0.012632	66.200081	4634.927451	4634.927451	93036	4634.927453	4634.927449	0.000000	0.000000	166	9
000312	2.141102	15.367189	4634.943803	4634.943803	101430	4634.943461	4634.944144	0.000000	0.000000	166	17
000313	-0.012632	47.509544	4635.136063	4635.136063	202408	4635.136065	4635.136061	0.000000	0.000000	166	7
000314	-0.006316	42.459919	4635.225927	4635.225927	249522	4635.225928	4635.225926	0.000000	0.000000	166	6
000315	-0.006316	41.635487	4635.171368	4635.171368	220917	4635.171369	4635.171367	0.000000	0.000000	166	6
000316	-0.012632	76.309135	4634.882520	4634.882520	69479	4634.882522	4634.882518	0.000000	0.000000	166	9
000317	-0.012632	42.482395	4635.200250	4635.200250	236061	4635.200252	4635.200248	0.000000	0.000000	166	7
000318	-0.012632	53.106541	4634.956336	4634.956336	108180	4634.956338	4634.956334	0.000000	0.000000	166	8
000319	-0.006316	51.547726	4635.142483	4635.142483	205773	4635.142484	4635.142482	0.000000	0.000000	166	7
000320	-0.707385	15.240263	4635.103867	4635.103867	185588	4635.103980	4635.103755	0.000000	0.000000	166	12
000321	-0.012632	69.551781	4634.917823	4634.917823	87988	4634.917825	4634.917821	0.000000	0.000000	166	9
000322	0.347376	15.871649	4635.193881	4635.193881	232692	4635.193826	4635.193936	0.000000	0.000000	166	6
000323	-0.012632	83.749435	4634.783028	4634.783028	17317	4634.783031	4634.783026	0.000000	0.000000	166	10
000324	0.416852	15.813384	4635.100817	4635.100817	183894	4635.100751	4635.100884	0.000000	0.000000	166	7
000325	-0.006316	82.506996	4634.863264	4634.863264	59383	4634.863265	4634.863263	0.000000	0.000000	166	9
000326	-0.650541	15.395759	4635.180903	4635.180903	225971	4635.181006	4635.180799	0.000000	0.000000	166	12
000327	-0.006316	60.680992	4635.116806	4635.116806	192312	4635.116807	4635.116805	0.000000	0.000000	166	7
000328	-1.067393	15.187341	4635.078141	4635.078141	172129	4635.078311	4635.077971	0.000000	0.000000	166	17
000329	-1.042129	15.609813	4635.052470	4635.052470	158668	4635.052636	4635.052304	0.000000	0.000000	166	18
000330	-0.012632	55.769642	4635.081502	4635.081502	173803	4635.081504	4635.081500	0.000000	0.000000	166	9
000331	-0.006316	88.212166	4634.962755	4634.962755	111545	4634.962756	4634.962754	0.000000	0.000000	166	9
000332	-0.012632	69.870300	4634.982011	4634.982011	121641	4634.982013	4634.982009	0.000000	0.000000	166	9
000333	0.353692	15.846557	4635.200300	4635.200300	236057	4635.200244	4635.200357	0.000000	0.000000	166	5
000334	-0.012632	63.813335	4635.164946	4635.164946	217552	4635.164948	4635.164944	0.000000	0.000000	166	8
000335	-1.749514	16.399696	4635.126176	4635.126176	197375	4635.126454	4635.125897	0.000000	0.000000	166	25
000336	-0.006316	95.237335	4634.808704	4634.808704	30778	4634.808705	4634.808703	0.000000	0.000000	166	9
000337	-0.012632	91.823822	4634.837588	4634.837588	45922	4634.837590	4634.837586	0.000000	0.000000	166	9
000338	-0.006316	51.653976	4635.206669	4635.206669	239426	4635.206670	4635.206668	0.000000	0.000000	166	7
000339	-0.012632	93.080162	4634.847217	4634.847217	50970	4634.847219	4634.847214	0.000000	0.000000	166	9
000340	-0.006316	80.368408	4634.972383	4634.972383	116593	4634.972384	4634.972382	0.000000	0.000000	166	8
000341	-0.006316	53.960243	4635.180994	4635.180994	225965	4635.180995	4635.180993	0.000000	0.000000	166	7
000342	-0.012632	84.158592	4635.055827	4635.055827	160342	4635.055829	4635.055825	0.000000	0.000000	166	9
000343	-0.012632	79.760071	4635.091130	4635.091130	178851	4635.091132	4635.091128	0.000000	0.000000	166	9
000344	-0.006316	107.651512	4634.943499	4634.943499	101449	4634.943500	4634.943498	0.000000	0.000000	166	9
000345	-0.012632	54.053612	4635.190621	4635.190621	231013	4635.190623	4635.190619	0.000000	0.000000	166	8
000346	-0.012632	126.142136	4634.911405	4634.911405	84623	4634.911407	4634.911402	0.000000	0.000000	166	9
000347	-0.012632	76.567955	4635.238763	4635.238763	256253	4635.238765	4635.238761	0.000000	0.000000	166	8
000348	-0.006316	76.067429	4635.052618	4635.052618	158659	4635.052619	4635.052617	0.000000	0.000000	166	9
000349	-0.006316	104.364143	4635.017315	4635.017315	140150	4635.017316	4635.017314	0.000000	0.000000	166	9
000350	-0.012632	71.380783	4635.110387	4635.110387	188947	4635.110389	4635.110385	0.000000	0.000000	166	9
000351	-0.012632	96.536835	4635.020524	4635.020524	141833	4635.020526	4635.020522	0.000000	0.000000	166	10
000352	-0.006316	90.081017	4635.216297	4635.216297	244474	4635.216298	4635.216296	0.000000	0.000000	166	9
000353	1.187396	15.718048	4635.165117	4635.165117	217541	4635.164927	4635.165306	0.000000	0.000000	166	18
000354	-0.012632	82.203621	4634.991639	4634.991639	126689	4634.991641	4634.991637	0.000000	0.000000	166	9
000355	1.490561	15.165773	4634.834589	4634.834589	44226	4634.834352	4634.834827	0.000000	0.000000	166	22
000356	-0.006316	96.841560	4635.107178	4635.107178	187264	4635.107179	4635.107177	0.000000	0.000000	166	9
000357	-0.012632	87.241974	4635.174575	4635.174575	222600	4635.174577	4635.174573	0.000000	0.000000	166	9
000358	2.343212	15.284894	4635.146025	4635.146025	207434	4635.145652	4635.146399	0.000000	0.000000	166	24
000359	-0.012632	100.112358	4635.145690	4635.145690	207456	4635.145692	4635.145688	0.000000	0.000000	166	9
000360	-0.006316	95.071548	4635.126434	4635.126434	197360	4635.126435	4635.126433	0.000000	0.000000	166	9
000361	-0.006316	97.148338	4635.071875	4635.071875	168755	4635.071876	4635.071874	0.000000	0.000000	166	9
000362	-0.012632	75.897606	4635.235553	4635.235553	254570	4635.235555	4635.235551	0.000000	0.000000	166	9
000363	1.976888	15.055211	4634.808988	4634.808988	30760	4634.808673	4634.809303	0.000000	0.000000	166	25
000364	2.191630	15.401122	4634.809016	4634.809016	30758	4634.808667	4634.809366	0.000000	0.000000	166	16
000365	-0.012632	94.847198	4635.155318	4635.155318	212504	4635.155320	4635.155316	0.000000	0.000000	166	10
000366	-0.012632	15.303706	4635.271521	4635.271521	11284	4635.271523	4635.271519	0.000000	0.000000	167	3
000367	-0.012632	27.055969	4635.299741	4635.299741	26079	4635.299743	4635.299739	0.000000	0.000000	167	3
000368	-3.694822	15.392941	4635.340990	4635.340990	48017	4635.341578	4635.340401	0.000000	0.000000	167	13
000369	-3.574819	15.526515	4635.312076	4635.312076	32841	4635.312646	4635.311506	0.000000	0.000000	167	23
000370	-0.006316	23.437025	4635.297197	4635.297197	24745	4635.297198	4635.297196	0.000000	0.000000	167	4
000371	-0.006316	54.318584	4635.261229	4635.261229	5887	4635.261230	4635.261228	0.000000	0.000000	167	7
000372	-0.012632	26.649008	4635.318997	4635.318997	36175	4635.318999	4635.318995	0.000000	0.000000	167	5
000373	-0.012632	27.945107	4635.335044	4635.335044	44588	4635.335046	4635.335042	0.000000	0.000000	167	5
000374	-0.012632	21.321339	4635.373557	4635.373557	64780	4635.373559	4635.373555	0.000000	0.000000	167	4
000375	-0.012632	27.399914	4635.274066	4635.274066	12618	4635.274068	4635.274064	0.000000	0.000000	167	4
000376	-0.360008	16.627306	4635.254760	4635.254760	2525	4635.254817	4635.254702	0.000000	0.000000	167	6
000377	-0.006316	35.946278	4635.270859	4635.270859	10935	4635.270860	4635.270858	0.000000	0.000000	167	6
000378	0.871599	17.809662	4635.312600	4635.312600	32748	4635.312461	4635.312739	0.000000	0.000000	167	15
000379	0.341061	15.287369	4635.360767	4635.360767	58046	4635.360713	4635.360822	0.000000	0.000000	167	5
000380	-0.006316	27.781771	4635.354301	4635.354301	54684	4635.354302	4635.354300	0.000000	0.000000	167	4
000381	-0.006316	18.134283	4635.434536	4635.434536	96750	4635.434537	4635.434535	0.000000	0.000000	167	4
000382	-0.012632	16.563011	4635.437745	4635.437745	98433	4635.437747	4635.437743	0.000000	0.000000	167	3
000383	-0.012632	24.068018	4635.408860	4635.408860	83289	4635.408862	4635.408858	0.000000	0.000000	167	5
000384	-0.006316	25.276508	4635.424908	4635.424908	91702	4635.424909	4635.424907	0.000000	0.000000	167	4
000385	-0.012632	15.879489	4635.517980	4635.517980	140499	4635.517982	4635.517978	0.000000	0.000000	167	3
000386	-0.012632	41.128906	4635.254809	4635.254809	2522	4635.254811	4635.254807	0.000000	0.000000	167	7
000387	-0.006316	42.125721	4635.306162	4635.306162	29444	4635.306163	4635.306161	0.000000	0.000000	167	6
000388	0.625278	16.277054	4635.469854	4635.469854	115215	4635.469754	4635.469954	0.000000	0.000000	167	11
000389	-0.012632	44.672615	4635.357510	4635.357510	56367	4635.357512	4635.357508	0.000000	0.000000	167	6
000390	-0.012632	46.590290	4635.453793	4635.453793	106846	4635.453795	4635.453791	0.000000	0.000000	167	6
000391	-0.012632	37.853348	4635.383185	4635.383185	69828	4635.383187	4635.383183	0.000000	0.000000	167	6
000392	-0.012632	32.451313	4635.508351	4635.508351	135451	4635.508353	4635.508349	0.000000	0.000000	167	5
000393	0.587382	15.157236	4635.331918	4635.331918	42900	4635.331824	4635.332012	0.000000	0.000000	167	9
000394	-0.006316	26.283167	4635.553284	4635.553284	159008	4635.553285	4635.553283	0.000000	0.000000	167	5
000395	1.320031	15.478816	4635.575739	4635.575739	170670	4635.575528	4635.575949	0.000000	0.000000	167	14
000396	-0.012632	106.077888	4635.338254	4635.338254	46271	4635.338256	4635.338252	0.000000	0.000000	167	9
000397	-0.012632	34.747093	4635.537234	4635.537234	150595	4635.537236	4635.537232	0.000000	0.000000	167	5
000398	-0.006316	34.746506	4635.707334	4635.707334	239775	4635.707335	4635.707333	0.000000	0.000000	167	5
000399	1.989520	15.386342	4635.575794	4635.575794	170646	4635.575477	4635.576111	0.000000	0.000000	167	10
000400	-0.006316	70.145096	4635.315788	4635.315788	34492	4635.315789	4635.315787	0.000000	0.000000	167	8
000401	-0.012632	45.408226	4635.399232	4635.399232	78241	4635.399234	4635.399230	0.000000	0.000000	167	7
000402	-0.006316	49.956589	4635.280485	4635.280485	15983	4635.280486	4635.280484	0.000000	0.000000	167	7
000403	-0.012632	32.112057	4635.582168	4635.582168	174152	4635.582170	4635.582166	0.000000	0.000000	167	4
000404	-0.012632	35.274376	4635.630309	4635.630309	199392	4635.630311	4635.630307	0.000000	0.000000	167	4
000405	-0.960022	15.091804	4635.315651	4635.315651	34500	4635.315804	4635.315498	0.000000	0.000000	167	15
000406	-0.006316	20.100060	4635.725923	4635.725923	249522	4635.725924	4635.725922	0.000000	0.000000	167	3
000407	-0.012632	58.865204	4635.344674	4635.344674	49636	4635.344676	4635.344672	0.000000	0.000000	167	8
000408	-0.006316	45.639820	4635.251600	4635.251600	839	4635.251601	4635.251599	0.000000	0.000000	167	7
000409	0.625278	15.370640	4635.691303	4635.691303	231317	4635.691203	4635.691402	0.000000	0.000000	167	11
000410	-0.012632	33.070423	4635.700915	4635.700915	236410	4635.700917	4635.700913	0.000000	0.000000	167	5
000411	0.738964	15.175655	4635.668845	4635.668845	219531	4635.668727	4635.668962	0.000000	0.000000	167	9
000412	-0.012632	27.193832	4635.710544	4635.710544	241458	4635.710546	4635.710542	0.000000	0.000000	167	5
000413	-0.012632	36.263668	4635.598214	4635.598214	182565	4635.598216	4635.598212	0.000000	0.000000	167	5
000414	-0.006316	25.906752	4635.716297	4635.716297	244474	4635.716298	4635.716296	0.000000	0.000000	167	5
000415	-0.006316	42.443821	4635.543655	4635.543655	153960	4635.543656	4635.543654	0.000000	0.000000	167	7
000416	-0.012632	57.660046	4635.745847	4635.745847	259967	4635.745849	4635.745845	0.000000	0.000000	167	7
000417	-0.012632	44.653442	4635.611052	4635.611052	189296	4635.611054	4635.611050	0.000000	0.000000	167	6
000418	-0.012632	54.719177	4635.283694	4635.283694	17666	4635.283696	4635.283692	0.000000	0.000000	167	7
000419	-0.012632	63.033520	4635.418488	4635.418488	88337	4635.418490	4635.418486	0.000000	0.000000	167	8
000420	-1.863201	15.099712	4635.472789	4635.472789	116958	4635.473086	4635.472492	0.000000	0.000000	167	21
000421	-0.012632	51.017467	4635.591796	4635.591796	179200	4635.591798	4635.591794	0.000000	0.000000	167	6
000422	-0.012632	54.872696	4635.607844	4635.607844	187613	4635.607846	4635.607842	0.000000	0.000000	167	7
000423	-0.006316	55.860798	4635.379976	4635.379976	68145	4635.379977	4635.379975	0.000000	0.000000	167	7
000424	-0.006316	53.951424	4635.444164	4635.444164	101798	4635.444165	4635.444163	0.000000	0.000000	167	7
000425	0.985286	15.089281	4635.720192	4635.720192	246436	4635.720035	4635.720349	0.000000	0.000000	167	12
000426	-0.006316	33.440170	4635.742639	4635.742639	258284	4635.742640	4635.742638	0.000000	0.000000	167	6
000427	-0.012632	54.933762	4635.556493	4635.556493	160691	4635.556495	4635.556491	0.000000	0.000000	167	7
000428	-0.006316	57.410351	4635.389605	4635.389605	73193	4635.389606	4635.389604	0.000000	0.000000	167	7
000429	0.315797	15.687946	4635.656029	4635.656029	212849	4635.655978	4635.656079	0.000000	0.000000	167	7
000430	-0.012632	44.516933	4635.736218	4635.736218	254919	4635.736220	4635.736216	0.000000	0.000000	167	7
000431	-0.012632	71.347374	4635.328626	4635.328626	41223	4635.328628	4635.328624	0.000000	0.000000	167	8
000432	-0.006316	48.858086	4635.678451	4635.678451	224631	4635.678452	4635.678450	0.000000	0.000000	167	6
000433	-1.755830	16.013321	4635.498472	4635.498472	130418	4635.498752	4635.498192	0.000000	0.000000	167	31
000434	-0.012632	60.390888	4635.675240	4635.675240	222949	4635.675242	4635.675238	0.000000	0.000000	167	7
000435	-0.006316	54.178844	4635.617472	4635.617472	192661	4635.617473	4635.617471	0.000000	0.000000	167	8
000436	-0.012632	61.465828	4635.572539	4635.572539	169104	4635.572541	4635.572537	0.000000	0.000000	167	8
000437	-0.012632	85.993370	4635.309369	4635.309369	31127	4635.309371	4635.309367	0.000000	0.000000	167	9
000438	-0.012632	71.081284	4635.627099	4635.627099	197709	4635.627101	4635.627097	0.000000	0.000000	167	8
000439	-0.012632	44.497570	4635.735553	4635.735553	254570	4635.735555	4635.735551	0.000000	0.000000	167	8
000440	0.884231	15.295656	4635.380101	4635.380101	68137	4635.379960	4635.380242	0.000000	0.000000	167	15
000441	-0.006316	103.882477	4635.290113	4635.290113	21031	4635.290114	4635.290112	0.000000	0.000000	167	9
000442	-0.012632	88.258972	4635.264438	4635.264438	7570	4635.264440	4635.264436	0.000000	0.000000	167	9
000443	-0.006316	75.670288	4635.534029	4635.534029	148912	4635.534030	4635.534028	0.000000	0.000000	167	8
000444	-0.012632	66.384415	4635.662402	4635.662402	216218	4635.662404	4635.662400	0.000000	0.000000	167	9
000445	-0.012632	84.268715	4635.363929	4635.363929	59732	4635.363931	4635.363927	0.000000	0.000000	167	9
000446	-1.503193	15.117620	4635.601206	4635.601206	184261	4635.601445	4635.600966	0.000000	0.000000	167	21
000447	-0.012632	91.514656	4635.473048	4635.473048	116942	4635.473050	4635.473046	0.000000	0.000000	167	9
000448	3.252707	15.673470	4635.524855	4635.524855	143835	4635.524337	4635.525374	0.000000	0.000000	167	28
000449	2.633745	15.858166	4635.694865	4635.694865	233021	4635.694446	4635.695285	0.000000	0.000000	167	21
000450	-0.006316	61.486324	4635.652775	4635.652775	211170	4635.652776	4635.652774	0.000000	0.000000	167	7
000451	-0.012632	70.200989	4635.636727	4635.636727	202757	4635.636729	4635.636725	0.000000	0.000000	167	7
000452	-0.012632	105.156937	4635.562911	4635.562911	164056	4635.562913	4635.562909	0.000000	0.000000	167	9
000453	-0.012632	82.887589	4635.527608	4635.527608	145547	4635.527610	4635.527606	0.000000	0.000000	167	9
000454	2.981122	15.213695	4635.694925	4635.694925	233018	4635.694449	4635.695400	0.000000	0.000000	167	21
000455	-0.012632	63.586494	4635.681659	4635.681659	226314	4635.681661	4635.681657	0.000000	0.000000	167	8
000456	-0.012632	98.541435	4635.601424	4635.601424	184248	4635.601426	4635.601422	0.000000	0.000000	167	9
000457	3.227443	15.869579	4635.666067	4635.666067	217872	4635.665553	4635.666582	0.000000	0.000000	167	27
000458	-0.012632	90.079750	4635.482676	4635.482676	121990	4635.482678	4635.482674	0.000000	0.000000	167	10
000459	-0.006316	89.228409	4635.588587	4635.588587	177517	4635.588588	4635.588586	0.000000	0.000000	167	9
000460	-0.631594	15.189438	4635.691274	4635.691274	231405	4635.691375	4635.691173	0.000000	0.000000	167	9
000461	-0.006316	96.489563	4635.498724	4635.498724	130403	4635.498725	4635.498723	0.000000	0.000000	167	8
000462	-0.012632	100.970215	4635.546864	4635.546864	155643	4635.546866	4635.546862	0.000000	0.000000	167	9
000463	-0.012632	81.541885	4635.716962	4635.716962	244823	4635.716964	4635.716960	0.000000	0.000000	167	9
000464	-0.012632	115.973404	4635.691287	4635.691287	231362	4635.691289	4635.691285	0.000000	0.000000	167	10
000465	1.812673	15.253625	4635.264702	4635.264702	7553	4635.264413	4635.264991	0.000000	0.000000	167	26
000466	3.037965	15.582834	4635.669263	4635.669263	219555	4635.668778	4635.669747	0.000000	0.000000	167	43
000467	-3.947460	15.365083	4635.793475	4635.793475	23128	4635.794105	4635.792846	0.000000	0.000000	168	21
000468	-0.025264	16.803205	4635.838918	4635.838918	46621	4635.838922	4635.838913	0.000000	0.000000	168	3
000469	-0.025264	19.409658	4635.756140	4635.756140	3221	4635.756145	4635.756136	0.000000	0.000000	168	2
000470	-3.732718	15.360581	4635.822335	4635.822335	38239	4635.822930	4635.821740	0.000000	0.000000	168	23
000471	-0.012632	24.594549	4635.800406	4635.800406	26428	4635.800408	4635.800404	0.000000	0.000000	168	3
000472	-3.694822	15.207109	4635.793512	4635.793512	23126	4635.794101	4635.792923	0.000000	0.000000	168	18
000473	-0.012632	21.158770	4635.909526	4635.909526	83638	4635.909528	4635.909524	0.000000	0.000000	168	4
000474	-3.290602	15.504221	4635.822413	4635.822413	38235	4635.822938	4635.821889	0.000000	0.000000	168	26
000475	-0.006316	30.676270	4635.771522	4635.771522	11284	4635.771523	4635.771521	0.000000	0.000000	168	6
000476	-0.006316	25.913376	4635.816454	4635.816454	34841	4635.816455	4635.816453	0.000000	0.000000	168	4
000477	-0.012632	38.614540	4635.781150	4635.781150	16332	4635.781152	4635.781148	0.000000	0.000000	168	7
000478	-0.012632	25.746639	4635.935202	4635.935202	97099	4635.935205	4635.935200	0.000000	0.000000	168	4
000479	-0.012632	21.841131	4636.009017	4636.009017	135800	4636.009019	4636.009015	0.000000	0.000000	168	3
000480	1.421085	15.176804	4635.899933	4635.899933	78489	4635.899707	4635.900160	0.000000	0.000000	168	15
000481	-0.006316	33.287106	4635.915945	4635.915945	87003	4635.915946	4635.915944	0.000000	0.000000	168	5
000482	-0.012632	38.234558	4635.854966	4635.854966	55033	4635.854968	4635.854964	0.000000	0.000000	168	5
000483	-0.006316	41.889004	4635.806826	4635.806826	29793	4635.806827	4635.806825	0.000000	0.000000	168	6
000484	-0.012632	43.285217	4635.790778	4635.790778	21380	4635.790780	4635.790776	0.000000	0.000000	168	6
000485	-0.012632	27.414051	4636.018645	4636.018645	140848	4636.018647	4636.018643	0.000000	0.000000	168	4
000486	0.012632	17.750790	4636.086043	4636.086043	176182	4636.086041	4636.086045	0.000000	0.000000	168	4
000487	-0.012632	18.077349	4636.098880	4636.098880	182914	4636.098882	4636.098878	0.000000	0.000000	168	3
000488	-0.012632	21.017038	4636.108508	4636.108508	187962	4636.108510	4636.108506	0.000000	0.000000	168	4
000489	-0.265269	15.531794	4635.960839	4635.960839	110562	4635.960881	4635.960797	0.000000	0.000000	168	3
000490	-0.006316	38.200554	4635.851757	4635.851757	53350	4635.851758	4635.851756	0.000000	0.000000	168	5
000491	-0.006316	35.806183	4636.069996	4636.069996	167770	4636.069997	4636.069995	0.000000	0.000000	168	5
000492	-0.265269	15.078371	4636.005770	4636.005770	134119	4636.005813	4636.005728	0.000000	0.000000	168	3
000493	-0.012632	27.094505	4636.137393	4636.137393	203106	4636.137395	4636.137391	0.000000	0.000000	168	4
000494	-0.012632	16.744873	4636.191953	4636.191953	231711	4636.191955	4636.191951	0.000000	0.000000	168	2
000495	-0.012632	15.668267	4636.191287	4636.191287	231362	4636.191289	4636.191285	0.000000	0.000000	168	2
000496	-0.006316	51.050713	4635.842129	4635.842129	48302	4635.842130	4635.842128	0.000000	0.000000	168	7
000497	-0.012632	16.979406	4636.194495	4636.194495	233045	4636.194497	4636.194493	0.000000	0.000000	168	3
000498	-0.006316	41.437328	4635.960876	4635.960876	110560	4635.960877	4635.960875	0.000000	0.000000	168	7
000499	-0.012632	40.270634	4635.989760	4635.989760	125704	4635.989762	4635.989758	0.000000	0.000000	168	5
000500	-0.006316	39.161697	4636.060368	4636.060368	162722	4636.060369	4636.060367	0.000000	0.000000	168	5
000501	-0.012632	54.341755	4636.053948	4636.053948	159357	4636.053950	4636.053946	0.000000	0.000000	168	7
000502	-0.012632	65.574028	4635.819663	4635.819663	36524	4635.819665	4635.819661	0.000000	0.000000	168	7
000503	-0.012632	60.164989	4635.826081	4635.826081	39889	4635.826083	4635.826079	0.000000	0.000000	168	8
000504	-0.012632	29.564365	4636.163068	4636.163068	216567	4636.163070	4636.163066	0.000000	0.000000	168	6
000505	-0.012632	27.707392	4636.216962	4636.216962	244823	4636.216964	4636.216960	0.000000	0.000000	168	5
000506	-0.012632	52.686443	4636.245847	4636.245847	259967	4636.245849	4636.245845	0.000000	0.000000	168	7
000507	-0.012632	35.135422	4636.134183	4636.134183	201423	4636.134185	4636.134181	0.000000	0.000000	168	5
000508	-0.012632	72.295006	4635.810035	4635.810035	31476	4635.810037	4635.810033	0.000000	0.000000	168	8
000509	-0.012632	26.913288	4636.236218	4636.236218	254919	4636.236220	4636.236216	0.000000	0.000000	168	3
000510	-2.690588	16.283888	4636.027925	4636.027925	145940	4636.028354	4636.027496	0.000000	0.000000	168	15
000511	-0.258953	15.076299	4636.114891	4636.114891	191329	4636.114932	4636.114850	0.000000	0.000000	168	3
000512	-0.012632	27.381886	4636.217627	4636.217627	245172	4636.217629	4636.217625	0.000000	0.000000	168	4
000513	2.122154	15.055521	4635.903408	4635.903408	80253	4635.903069	4635.903746	0.000000	0.000000	168	15
000514	-0.006316	30.944357	4636.198372	4636.198372	235076	4636.198373	4636.198371	0.000000	0.000000	168	5
000515	-0.012632	59.930359	4635.973714	4635.973714	117291	4635.973716	4635.973712	0.000000	0.000000	168	7
000516	-0.012632	34.166565	4636.227256	4636.227256	250220	4636.227258	4636.227254	0.000000	0.000000	168	4
000517	-0.012632	50.325077	4636.063577	4636.063577	164405	4636.063579	4636.063575	0.000000	0.000000	168	8
000518	-1.509509	17.234451	4635.845122	4635.845122	49998	4635.845363	4635.844881	0.000000	0.000000	168	27
000519	0.435800	15.756596	4635.964147	4635.964147	112238	4635.964078	4635.964217	0.000000	0.000000	168	8
000520	2.816907	15.010902	4635.900190	4635.900190	78515	4635.899741	4635.900639	0.000000	0.000000	168	21
000521	-0.006316	56.544975	4636.025064	4636.025064	144213	4636.025065	4636.025063	0.000000	0.000000	168	7
000522	2.557954	15.190928	4636.002930	4636.002930	132393	4636.002522	4636.003338	0.000000	0.000000	168	18
000523	1.945308	15.553475	4636.044602	4636.044602	154291	4636.044291	4636.044912	0.000000	0.000000	168	30
000524	-0.012632	58.287979	4636.127765	4636.127765	198058	4636.127767	4636.127763	0.000000	0.000000	168	7
000525	-0.006316	74.004257	4635.925573	4635.925573	92051	4635.925574	4635.925572	0.000000	0.000000	168	8
000526	-0.012632	63.997181	4635.954457	4635.954457	107195	4635.954459	4635.954455	0.000000	0.000000	168	8
000527	-1.787410	15.041097	4636.092226	4636.092226	179576	4636.092511	4636.091941	0.000000	0.000000	168	16
000528	-0.012632	54.979053	4636.143811	4636.143811	206471	4636.143813	4636.143809	0.000000	0.000000	168	7
000529	-0.006316	94.243340	4636.015436	4636.015436	139165	4636.015437	4636.015435	0.000000	0.000000	168	9
000530	-0.006316	62.908466	4636.169487	4636.169487	219932	4636.169488	4636.169486	0.000000	0.000000	168	7
000531	-0.006316	119.961983	4635.797197	4635.797197	24745	4635.797198	4635.797196	0.000000	0.000000	168	9
000532	-0.012632	71.257996	4635.992970	4635.992970	127387	4635.992972	4635.992968	0.000000	0.000000	168	8
000533	-0.012632	103.619980	4635.845338	4635.845338	49985	4635.845340	4635.845336	0.000000	0.000000	168	10
000534	-0.006316	86.685562	4635.980133	4635.980133	120656	4635.980134	4635.980132	0.000000	0.000000	168	9
000535	-0.012632	85.209198	4635.999389	4635.999389	130752	4635.999391	4635.999387	0.000000	0.000000	168	9
000536	-0.006316	178.704147	4635.871014	4635.871014	63446	4635.871015	4635.871013	0.000000	0.000000	168	10
000537	-0.012632	164.712891	4635.899897	4635.899897	78590	4635.899899	4635.899895	0.000000	0.000000	168	10
000538	-0.012632	104.162857	4636.092461	4636.092461	179549	4636.092463	4636.092459	0.000000	0.000000	168	10
000539	-0.012632	95.271484	4636.044320	4636.044320	154309	4636.044322	4636.044318	0.000000	0.000000	168	10
000540	-0.006316	86.661972	4636.089252	4636.089252	177866	4636.089253	4636.089251	0.000000	0.000000	168	9
000541	-0.012632	140.826706	4636.028273	4636.028273	145896	4636.028275	4636.028271	0.000000	0.000000	168	10
000542	-0.012632	122.858505	4636.118136	4636.118136	193010	4636.118138	4636.118134	0.000000	0.000000	168	10
000543	-0.012632	17.894751	4636.262559	4636.262559	6585	4636.262561	4636.262557	0.000000	0.000000	169	3
000544	-0.012632	15.952125	4636.252931	4636.252931	1537	4636.252933	4636.252929	0.000000	0.000000	169	3
000545	-0.012632	17.674738	4636.307490	4636.307490	30142	4636.307492	4636.307488	0.000000	0.000000	169	3
000546	-0.012632	27.345032	4636.346003	4636.346003	50334	4636.346005	4636.346001	0.000000	0.000000	169	4
000547	-0.012632	22.919760	4636.400563	4636.400563	78939	4636.400565	4636.400561	0.000000	0.000000	169	3
000548	-0.012632	19.109678	4636.416610	4636.416610	87352	4636.416612	4636.416608	0.000000	0.000000	169	3
000549	-0.006316	35.829704	4636.323538	4636.323538	38555	4636.323539	4636.323537	0.000000	0.000000	169	5
000550	-0.012632	21.673870	4636.406981	4636.406981	82304	4636.406983	4636.406979	0.000000	0.000000	169	3
000551	-0.012632	15.126315	4636.461541	4636.461541	110909	4636.461543	4636.461539	0.000000	0.000000	169	3
000552	-0.006316	20.185896	4636.451914	4636.451914	105861	4636.451915	4636.451913	0.000000	0.000000	169	4
000553	-0.012632	26.028671	4636.278607	4636.278607	14998	4636.278609	4636.278605	0.000000	0.000000	169	4
000554	-0.012632	28.257736	4636.509683	4636.509683	136149	4636.509685	4636.509681	0.000000	0.000000	169	4
000555	-0.012632	41.829906	4636.326747	4636.326747	40238	4636.326749	4636.326745	0.000000	0.000000	169	6
000556	-0.012632	29.279051	4636.480798	4636.480798	121005	4636.480800	4636.480796	0.000000	0.000000	169	4
000557	-0.012632	35.284016	4636.455121	4636.455121	107544	4636.455123	4636.455119	0.000000	0.000000	169	5
000558	-0.012632	32.595627	4636.445493	4636.445493	102496	4636.445495	4636.445491	0.000000	0.000000	169	5
000559	-0.006316	20.852623	4636.551405	4636.551405	158023	4636.551406	4636.551404	0.000000	0.000000	169	4
000560	-0.012632	50.028748	4636.471169	4636.471169	115957	4636.471171	4636.471167	0.000000	0.000000	169	7
000561	-0.012632	15.944473	4636.727254	4636.727254	250220	4636.727256	4636.727252	0.000000	0.000000	169	3
000562	-1.004234	15.045843	4636.352283	4636.352283	53713	4636.352443	4636.352123	0.000000	0.000000	169	17
000563	-0.012632	66.139053	4636.381307	4636.381307	68843	4636.381309	4636.381305	0.000000	0.000000	169	8
000564	-0.012632	68.423019	4636.352422	4636.352422	53699	4636.352424	4636.352420	0.000000	0.000000	169	9
000565	3.922196	17.390343	4638.250580	4638.250580	262127	4638.249955	4638.251205	0.000000	0.000000	172	15
000566	3.922196	15.089068	4641.250592	4641.250592	262129	4641.249967	4641.251217	0.000000	0.000000	178	16
000567	-0.018948	15.985868	4644.576431	4644.576431	171145	4644.576434	4644.576428	0.000000	0.000000	185	2
000568	-0.018948	20.062494	4644.587442	4644.587442	176918	4644.587445	4644.587439	0.000000	0.000000	185	2
000569	-0.012632	16.257925	4644.605794	4644.605794	186539	4644.605796	4644.605792	0.000000	0.000000	185	2
000570	-0.018948	16.741528	4644.561750	4644.561750	163448	4644.561753	4644.561747	0.000000	0.000000	185	2
000571	-0.012632	16.970316	4644.620475	4644.620475	194236	4644.620477	4644.620473	0.000000	0.000000	185	2
000572	-0.018948	16.457298	4644.591112	4644.591112	178842	4644.591115	4644.591109	0.000000	0.000000	185	3
000573	-0.012632	17.222244	4644.569091	4644.569091	167296	4644.569093	4644.569089	0.000000	0.000000	185	2
000574	-0.012632	15.967565	4644.580102	4644.580102	173069	4644.580104	4644.580100	0.000000	0.000000	185	2
000575	-0.018948	15.105242	4644.550739	4644.550739	157675	4644.550742	4644.550736	0.000000	0.000000	185	2
000576	-0.012632	18.103073	4644.609464	4644.609464	188463	4644.609466	4644.609462	0.000000	0.000000	185	2
000577	-0.018948	16.412836	4644.565420	4644.565420	165372	4644.565423	4644.565417	0.000000	0.000000	185	2
000578	-0.012632	16.176020	4644.583772	4644.583772	174993	4644.583774	4644.583770	0.000000	0.000000	185	2
000579	-0.012632	18.132410	4644.558080	4644.558080	161523	4644.558082	4644.558078	0.000000	0.000000	185	2
000580	-0.012632	16.541420	4644.572760	4644.572760	169220	4644.572762	4644.572758	0.000000	0.000000	185	2
000581	-0.012632	20.433821	4644.594783	4644.594783	180766	4644.594785	4644.594781	0.000000	0.000000	185	2
000582	-0.018948	15.015785	4644.613134	4644.613134	190388	4644.613137	4644.613131	0.000000	0.000000	185	2
000583	-0.012632	17.984793	4644.598452	4644.598452	182690	4644.598454	4644.598450	0.000000	0.000000	185	2
