# -------------------------- o --------------------------
# File ID: /mnt/buf0/ASP/2025-07-05-04:50:14/fil_60861_17506_48543518_JPLH_ATLAS_0001/LoC.C0736/fil_60861_17506_48543518_JPLH_ATLAS_0001-beam0000.fbh5
# -------------------------- o --------------------------
# Source:JPLH_ATLAS
# MJD: 60861.20261574074	RA: 17h59m02.873ss	DEC:-18d38m24.50s
# DELTAT: 16.777216	DELTAF(Hz):  1.907349 max_drift_rate: 3.991671	obs_length: 318.767104
# --------------------------
# Top_Hit_#	Drift_Rate	SNR	Uncorrected_Frequency	Corrected_Frequency	Index	freq_start	freq_end	SEFD_freq	Coarse_Channel_Number	Full_number_of_hits
# --------------------------
000001	-3.953776	15.978603	5225.749401	5225.749401	16	5225.750031	5225.748771	0.000000	0.000000	4	2
000002	3.467449	20.097393	5230.750479	5230.750479	262108	5230.749927	5230.751032	0.000000	0.000000	13	27
000003	3.922196	17.297812	5232.250603	5232.250603	262136	5232.249978	5232.251228	0.000000	0.000000	16	12
000004	3.922196	24.274801	5232.750601	5232.750601	262137	5232.749976	5232.751226	0.000000	0.000000	17	13
000005	-0.170530	21.019835	5234.572085	5234.572085	168879	5234.572112	5234.572058	0.000000	0.000000	21	4
000006	0.549486	16.637217	5234.588916	5234.588916	177643	5234.588828	5234.589003	0.000000	0.000000	21	8
000007	0.574750	69.390007	5234.555165	5234.555165	159947	5234.555074	5234.555257	0.000000	0.000000	21	12
000008	-3.953776	19.861385	5236.249386	5236.249386	8	5236.250016	5236.248756	0.000000	0.000000	25	2
000009	0.202110	25.739897	5250.041842	5250.041842	152994	5250.041810	5250.041874	0.000000	0.000000	52	36
000010	-3.953776	17.951353	5250.749399	5250.749399	15	5250.750030	5250.748769	0.000000	0.000000	54	2
000011	-1.490561	15.114604	5254.848804	5254.848804	51931	5254.849042	5254.848567	0.000000	0.000000	62	29
000012	3.922196	15.392485	5254.848122	5254.848122	51118	5254.847497	5254.848747	0.000000	0.000000	62	17
000013	3.890616	15.806348	5254.848237	5254.848237	51188	5254.847617	5254.848857	0.000000	0.000000	62	32
000014	3.947460	45.313950	5254.853429	5254.853429	53899	5254.852799	5254.854058	0.000000	0.000000	62	8
000015	-3.928512	68.655632	5254.965939	5254.965939	113544	5254.966565	5254.965313	0.000000	0.000000	62	11
000016	-0.037896	15.024379	5254.929682	5254.929682	94207	5254.929688	5254.929676	0.000000	0.000000	62	9
000017	-0.006316	16.537315	5254.945236	5254.945236	102360	5254.945237	5254.945235	0.000000	0.000000	62	15
000018	-0.025264	15.375127	5254.951705	5254.951705	105754	5254.951709	5254.951701	0.000000	0.000000	62	15
000019	0.025264	15.733974	5254.962154	5254.962154	111227	5254.962150	5254.962158	0.000000	0.000000	62	15
000020	0.012632	16.228571	5254.973464	5254.973464	117156	5254.973462	5254.973466	0.000000	0.000000	62	19
000021	0.018948	15.577176	5254.965754	5254.965754	113115	5254.965751	5254.965757	0.000000	0.000000	62	14
000022	0.012632	15.101620	5254.980666	5254.980666	120934	5254.980664	5254.980668	0.000000	0.000000	62	16
000023	0.031580	15.270490	5254.985230	5254.985230	123326	5254.985225	5254.985235	0.000000	0.000000	62	15
000024	0.031580	15.099921	5255.000506	5255.000506	131336	5255.000501	5255.000511	0.000000	0.000000	62	18
000025	-0.018948	15.149497	5255.008863	5255.008863	135722	5255.008866	5255.008860	0.000000	0.000000	62	17
000026	0.031580	15.000838	5255.007433	5255.007433	134966	5255.007428	5255.007438	0.000000	0.000000	62	14
000027	-3.922196	48.288757	5255.068101	5255.068101	167109	5255.068727	5255.067476	0.000000	0.000000	62	15
000028	0.018948	15.343000	5255.017405	5255.017405	140195	5255.017402	5255.017408	0.000000	0.000000	62	15
000029	0.006316	15.441731	5255.019041	5255.019041	141054	5255.019040	5255.019042	0.000000	0.000000	62	14
000030	-0.031580	15.433173	5255.047563	5255.047563	156011	5255.047568	5255.047558	0.000000	0.000000	62	14
000031	0.018948	15.148412	5255.048750	5255.048750	156629	5255.048747	5255.048753	0.000000	0.000000	62	19
000032	-3.953776	27.903414	5255.125553	5255.125553	197229	5255.126184	5255.124923	0.000000	0.000000	62	3
000033	0.410536	15.177968	5255.070119	5255.070119	167800	5255.070054	5255.070185	0.000000	0.000000	62	18
000034	0.511591	15.173237	5255.073210	5255.073210	169410	5255.073129	5255.073292	0.000000	0.000000	62	22
000035	-0.852651	15.213313	5255.094866	5255.094866	180883	5255.095002	5255.094730	0.000000	0.000000	62	30
000036	-3.941144	15.325988	5255.148627	5255.148627	209321	5255.149255	5255.147998	0.000000	0.000000	62	9
000037	0.738964	15.016289	5255.093079	5255.093079	179813	5255.092961	5255.093197	0.000000	0.000000	62	25
000038	-3.776929	15.123644	5255.148971	5255.148971	209502	5255.149573	5255.148369	0.000000	0.000000	62	45
000039	-3.739034	15.710263	5255.148584	5255.148584	209286	5255.149180	5255.147989	0.000000	0.000000	62	39
000040	-3.145336	15.239070	5255.148286	5255.148286	209080	5255.148787	5255.147785	0.000000	0.000000	62	31
000041	0.650541	15.027073	5255.111902	5255.111902	189688	5255.111798	5255.112006	0.000000	0.000000	62	28
000042	3.953776	28.941219	5255.083566	5255.083566	174557	5255.082936	5255.084197	0.000000	0.000000	62	8
000043	-1.534772	15.486721	5255.147206	5255.147206	208380	5255.147450	5255.146961	0.000000	0.000000	62	33
000044	3.637979	16.984402	5255.149188	5255.149188	208976	5255.148608	5255.149768	0.000000	0.000000	62	91
000045	3.492712	15.044267	5255.149001	5255.149001	208897	5255.148444	5255.149558	0.000000	0.000000	62	24
000046	3.859037	15.569186	5255.149437	5255.149437	209097	5255.148822	5255.150052	0.000000	0.000000	62	35
000047	-3.953776	22.307663	5260.249382	5260.249382	6	5260.250012	5260.248752	0.000000	0.000000	73	2
000048	3.922196	16.138315	5263.250607	5263.250607	262135	5263.249982	5263.251232	0.000000	0.000000	78	7
000049	3.922196	17.401209	5275.250603	5275.250603	262134	5275.249978	5275.251228	0.000000	0.000000	102	8
000050	3.922196	16.330534	5275.750603	5275.750603	262134	5275.749978	5275.751228	0.000000	0.000000	103	10
000051	3.922196	17.614470	5276.250603	5276.250603	262135	5276.249978	5276.251228	0.000000	0.000000	104	12
000052	3.922196	15.504218	5286.750605	5286.750605	262132	5286.749980	5286.751230	0.000000	0.000000	125	8
000053	-3.953776	15.214485	5295.749382	5295.749382	6	5295.750012	5295.748752	0.000000	0.000000	144	2
000054	-3.941144	15.212822	5296.275130	5296.275130	13509	5296.275758	5296.274501	0.000000	0.000000	145	23
000055	-3.953776	17.788908	5296.249382	5296.249382	6	5296.250012	5296.248752	0.000000	0.000000	145	2
000056	-3.953776	15.075181	5296.276123	5296.276123	14027	5296.276753	5296.275493	0.000000	0.000000	145	16
000057	-3.877984	15.077094	5296.275359	5296.275359	13617	5296.275977	5296.274741	0.000000	0.000000	145	18
000058	-3.941144	15.816490	5296.276005	5296.276005	13978	5296.276633	5296.275377	0.000000	0.000000	145	52
000059	-3.877984	15.883084	5296.275580	5296.275580	13732	5296.276198	5296.274962	0.000000	0.000000	145	38
000060	-3.240075	15.080479	5296.276866	5296.276866	14371	5296.277383	5296.276350	0.000000	0.000000	145	44
000061	-3.088492	15.169727	5296.275668	5296.275668	13714	5296.276160	5296.275176	0.000000	0.000000	145	24
000062	3.473764	15.304259	5296.276084	5296.276084	13393	5296.275531	5296.276638	0.000000	0.000000	145	48
000063	3.713770	15.124872	5296.275951	5296.275951	13298	5296.275359	5296.276543	0.000000	0.000000	145	29
000064	3.770613	15.038223	5296.276075	5296.276075	13352	5296.275474	5296.276676	0.000000	0.000000	145	27
000065	-3.953776	16.337450	5296.749417	5296.749417	24	5296.750047	5296.748786	0.000000	0.000000	146	2
000066	-3.947460	33.444702	5296.776809	5296.776809	14392	5296.777438	5296.776180	0.000000	0.000000	146	28
000067	-3.922196	15.568663	5296.781187	5296.781187	16689	5296.781812	5296.780561	0.000000	0.000000	146	23
000068	-3.821141	15.174462	5296.781809	5296.781809	17012	5296.782418	5296.781200	0.000000	0.000000	146	55
000069	-3.353762	15.493710	5296.781579	5296.781579	16829	5296.782113	5296.781044	0.000000	0.000000	146	35
000070	-3.372710	15.362968	5296.781225	5296.781225	16657	5296.781762	5296.780687	0.000000	0.000000	146	34
000071	-3.366394	15.285571	5296.781023	5296.781023	16547	5296.781560	5296.780487	0.000000	0.000000	146	23
000072	-2.842171	15.265604	5296.781027	5296.781027	16500	5296.781480	5296.780574	0.000000	0.000000	146	44
000073	-2.589534	15.413509	5296.780926	5296.780926	16430	5296.781339	5296.780513	0.000000	0.000000	146	52
000074	-2.450583	15.214112	5296.780508	5296.780508	16194	5296.780898	5296.780117	0.000000	0.000000	146	31
000075	-0.972654	15.467556	5296.774041	5296.774041	12685	5296.774196	5296.773886	0.000000	0.000000	146	28
000076	-0.517907	15.017883	5296.777335	5296.777335	14375	5296.777417	5296.777252	0.000000	0.000000	146	21
000077	0.871599	15.078599	5296.779040	5296.779040	15154	5296.778901	5296.779179	0.000000	0.000000	146	21
000078	2.444267	15.503291	5296.781404	5296.781404	16265	5296.781014	5296.781794	0.000000	0.000000	146	34
000079	3.088492	15.280042	5296.781673	5296.781673	16351	5296.781180	5296.782165	0.000000	0.000000	146	31
000080	3.562188	15.143667	5296.782317	5296.782317	16654	5296.781749	5296.782884	0.000000	0.000000	146	34
000081	3.922196	15.089252	5296.782303	5296.782303	16611	5296.781678	5296.782928	0.000000	0.000000	146	25
000082	3.871668	15.506999	5296.781920	5296.781920	16409	5296.781302	5296.782537	0.000000	0.000000	146	25
000083	3.859037	33.927475	5296.777449	5296.777449	14070	5296.776834	5296.778064	0.000000	0.000000	146	201
000084	3.922196	19.304171	5299.250599	5299.250599	262134	5299.249974	5299.251225	0.000000	0.000000	150	15
000085	0.208426	16.900333	5299.977667	5299.977667	119345	5299.977633	5299.977700	0.000000	0.000000	152	20
000086	0.170530	25.508179	5300.011518	5300.011518	137095	5300.011491	5300.011545	0.000000	0.000000	152	31
000087	-0.006316	62.108345	5300.009680	5300.009680	136148	5300.009681	5300.009679	0.000000	0.000000	152	13
000088	-3.953776	25.711683	5301.249382	5301.249382	6	5301.250012	5301.248752	0.000000	0.000000	155	2
000089	-2.551638	15.250239	5303.249634	5303.249634	23	5303.250041	5303.249228	0.000000	0.000000	159	13
000090	0.574750	21.277388	5308.837924	5308.837924	46049	5308.837832	5308.838016	0.000000	0.000000	170	9
000091	0.574750	40.085476	5308.804174	5308.804174	28355	5308.804082	5308.804265	0.000000	0.000000	170	11
000092	0.012632	17.449554	5312.550115	5312.550115	157343	5312.550113	5312.550117	0.000000	0.000000	177	8
000093	-0.176846	15.605293	5312.550121	5312.550121	157364	5312.550149	5312.550093	0.000000	0.000000	177	5
000094	0.208426	21.561447	5312.468233	5312.468233	114402	5312.468200	5312.468266	0.000000	0.000000	177	36
